Wavelength(nm)      SolarFlux(mW/m^2/nm)
1.00000000e+00      2.68644188e-04      
1.37500000e+00      2.14907465e-04      
2.12500000e+00      2.06419192e-03      
2.87500000e+00      2.64241693e-03      
3.62500000e+00      1.94958249e-03      
4.12500000e+00      2.44818148e-03      
4.37500000e+00      2.69748097e-03      
4.62500000e+00      2.69748097e-03      
4.87500000e+00      2.69748097e-03      
5.12500000e+00      4.63641863e-03      
5.37500000e+00      4.63641863e-03      
5.62500000e+00      4.63641863e-03      
5.87500000e+00      4.63641863e-03      
6.12500000e+00      4.12388936e-03      
6.37500000e+00      4.12388936e-03      
6.62500000e+00      4.12388936e-03      
6.87500000e+00      4.12388936e-03      
7.12500000e+00      4.32890106e-03      
7.37500000e+00      4.32890106e-03      
7.62500000e+00      4.32890106e-03      
7.87500000e+00      4.32890106e-03      
8.12500000e+00      2.63794873e-03      
8.37500000e+00      2.63794873e-03      
8.62500000e+00      2.63794873e-03      
8.87500000e+00      2.63794873e-03      
9.12500000e+00      2.96044791e-03      
9.37500000e+00      2.96044791e-03      
9.62500000e+00      2.96044791e-03      
9.87500000e+00      2.96044791e-03      
1.01250000e+01      1.02821257e-03      
1.03750000e+01      1.02821257e-03      
1.06250000e+01      1.02821257e-03      
1.08750000e+01      1.02821257e-03      
1.11250000e+01      7.36859389e-04      
1.13750000e+01      7.36859389e-04      
1.16250000e+01      7.36859389e-04      
1.18750000e+01      7.36859389e-04      
1.21000000e+01      4.77858154e-04      
1.23000001e+01      4.61670596e-04      
1.25000001e+01      4.61670596e-04      
1.27000002e+01      4.61670596e-04      
1.31125002e+01      4.48427480e-04      
1.37375002e+01      5.23095554e-04      
1.43625002e+01      1.41536929e-03      
1.49875002e+01      1.55231206e-03      
1.55875002e+01      1.70711672e-03      
1.61625003e+01      2.18783173e-03      
1.67375003e+01      2.66783087e-03      
1.73125004e+01      1.02900107e-02      
1.79625003e+01      7.85409653e-03      
1.86875002e+01      5.14772439e-03      
1.94125001e+01      5.29087908e-03      
2.01375000e+01      3.43342943e-03      
2.08250000e+01      2.43431131e-03      
2.14750001e+01      1.98230551e-03      
2.21250002e+01      2.53720212e-03      
2.27750003e+01      2.44003971e-03      
2.35875003e+01      1.57417134e-03      
2.45625002e+01      3.62744406e-03      
2.55375001e+01      5.70038655e-03      
2.65125000e+01      1.93538937e-03      
2.71250000e+01      2.78606231e-03      
2.73750000e+01      3.40280010e-03      
2.76250000e+01      3.40280010e-03      
2.78750000e+01      3.55490302e-03      
2.82500000e+01      4.16331469e-03      
2.87500000e+01      4.16331469e-03      
2.92500000e+01      1.19103917e-03      
2.97500000e+01      1.19103917e-03      
3.02500000e+01      2.52716355e-02      
3.07500000e+01      2.52716355e-02      
3.12500000e+01      4.90845339e-03      
3.17500000e+01      4.90845339e-03      
3.22500000e+01      6.81663929e-03      
3.27500000e+01      6.81663929e-03      
3.32500000e+01      6.69442077e-03      
3.37500000e+01      6.69442077e-03      
3.42500000e+01      2.86227885e-03      
3.47500000e+01      2.86227885e-03      
3.52500000e+01      2.46250602e-03      
3.57500000e+01      2.46250602e-03      
3.61250000e+01      3.16238445e-03      
3.63750000e+01      3.33735405e-03      
3.66250000e+01      3.33735405e-03      
3.68750000e+01      2.40836190e-03      
3.73750000e+01      5.50377585e-04      
3.81250000e+01      3.40792539e-04      
3.88750000e+01      2.35526912e-04      
3.96250000e+01      2.34580704e-04      
4.03750000e+01      3.93425353e-04      
4.11250000e+01      6.45773738e-04      
4.18750000e+01      5.78277576e-04      
4.26250000e+01      1.90936866e-04      
4.33750000e+01      4.45111958e-04      
4.41250000e+01      2.64806789e-04      
4.48750000e+01      1.81579921e-04      
4.56250000e+01      1.95431353e-04      
4.62500000e+01      6.49716271e-04      
4.67500000e+01      7.06501886e-04      
4.72500000e+01      2.80550637e-04      
4.77500000e+01      2.80550637e-04      
4.82500000e+01      4.67190142e-04      
4.87500000e+01      4.67190142e-04      
4.92500000e+01      1.66335461e-03      
4.97500000e+01      1.66335461e-03      
5.02500000e+01      6.77721396e-04      
5.07500000e+01      6.77721396e-04      
5.12500000e+01      2.32254610e-04      
5.17500000e+01      2.32254610e-04      
5.22500000e+01      4.09234909e-04      
5.27500000e+01      4.09234909e-04      
5.32500000e+01      3.01603763e-04      
5.37500000e+01      3.01603763e-04      
5.42500000e+01      1.94406295e-04      
5.47500000e+01      1.94406295e-04      
5.52500000e+01      8.70511252e-04      
5.57500000e+01      8.70511252e-04      
5.62500000e+01      2.65411311e-04      
5.67500000e+01      2.65411311e-04      
5.72500000e+01      2.64425678e-04      
5.77500000e+01      2.64425678e-04      
5.82500000e+01      1.49776823e-03      
5.87500000e+01      1.49776823e-03      
5.92500000e+01      3.12564004e-04      
5.97500000e+01      3.12564004e-04      
6.02500000e+01      1.28565996e-03      
6.07500000e+01      1.28565996e-03      
6.12500000e+01      3.90941557e-04      
6.17500000e+01      3.90941557e-04      
6.21250000e+01      1.43631203e-03      
6.23750000e+01      1.69765464e-03      
6.26250000e+01      1.69765464e-03      
6.28750000e+01      1.06369536e-03      
6.36250000e+01      3.46814758e-04      
6.48750000e+01      8.98030132e-05      
6.61250000e+01      7.21562361e-05      
6.73750000e+01      7.00193833e-05      
6.83750000e+01      2.18258618e-04      
6.91250000e+01      2.01082317e-04      
6.98750000e+01      2.77028641e-04      
7.06250000e+01      4.70738422e-04      
7.13750000e+01      2.06233893e-04      
7.21250000e+01      1.72538379e-04      
7.28750000e+01      1.71408186e-04      
7.36250000e+01      2.02843315e-04      
7.43750000e+01      2.49956582e-04      
7.51250000e+01      3.37033991e-04      
7.58750000e+01      5.73454544e-04      
7.66250000e+01      9.59218241e-04      
7.71250000e+01      9.09016657e-04      
7.73750000e+01      8.83915864e-04      
7.76250000e+01      8.83915864e-04      
7.78750000e+01      8.83915864e-04      
7.81250000e+01      1.23164726e-03      
7.83750000e+01      1.23164726e-03      
7.86250000e+01      1.23164726e-03      
7.88750000e+01      1.23164726e-03      
7.91250000e+01      5.75609796e-04      
7.93750000e+01      5.75609796e-04      
7.96250000e+01      5.75609796e-04      
7.98750000e+01      5.82443519e-04      
8.03750000e+01      5.96110966e-04      
8.11250000e+01      6.50255084e-04      
8.18750000e+01      7.85221125e-04      
8.26250000e+01      1.00100909e-03      
8.30749998e+01      1.34933131e-03      
8.32249994e+01      1.69765464e-03      
8.33749990e+01      1.69765464e-03      
8.35249987e+01      1.69765464e-03      
8.38999987e+01      1.51116387e-03      
8.44999990e+01      1.24308061e-03      
8.50999994e+01      1.33717557e-03      
8.56999998e+01      1.38422328e-03      
8.60625000e+01      1.42688349e-03      
8.61875000e+01      1.46741073e-03      
8.63125000e+01      1.46741073e-03      
8.64375000e+01      1.46741073e-03      
8.65625000e+01      1.46741073e-03      
8.66875000e+01      1.46741073e-03      
8.68125000e+01      1.46741073e-03      
8.69375000e+01      1.46741073e-03      
8.70625000e+01      1.74654205e-03      
8.71875000e+01      1.74654205e-03      
8.73125000e+01      1.74654205e-03      
8.74375000e+01      1.74654205e-03      
8.75625000e+01      1.74654205e-03      
8.76875000e+01      1.74654205e-03      
8.78125000e+01      1.74654205e-03      
8.79375000e+01      1.74654205e-03      
8.80625000e+01      1.99610438e-03      
8.81875000e+01      1.99610438e-03      
8.83125000e+01      1.99610438e-03      
8.84375000e+01      1.99610438e-03      
8.85625000e+01      1.99610438e-03      
8.86875000e+01      1.99610438e-03      
8.88125000e+01      1.99610438e-03      
8.89375000e+01      1.99610438e-03      
8.90625000e+01      2.42781173e-03      
8.91875000e+01      2.42781173e-03      
8.93125000e+01      2.42781173e-03      
8.94375000e+01      2.42781173e-03      
8.95625000e+01      2.42781173e-03      
8.96875000e+01      2.42781173e-03      
8.98125000e+01      2.42781173e-03      
8.99375000e+01      2.42781173e-03      
9.00625000e+01      2.85912482e-03      
9.01875000e+01      2.85912482e-03      
9.03125000e+01      2.85912482e-03      
9.04375000e+01      2.85912482e-03      
9.05749998e+01      2.85912482e-03      
9.07249994e+01      2.85912482e-03      
9.08749990e+01      2.85912482e-03      
9.10249987e+01      2.43036240e-03      
9.11499987e+01      2.18534596e-03      
9.12499990e+01      2.18534596e-03      
9.13499994e+01      2.18534596e-03      
9.14499998e+01      2.18534596e-03      
9.15625000e+01      2.18534596e-03      
9.16875000e+01      2.18534596e-03      
9.18125000e+01      2.18534596e-03      
9.19375000e+01      2.18534596e-03      
9.20375004e+01      9.80954118e-04      
9.21125011e+01      7.80227250e-04      
9.21875019e+01      7.80227250e-04      
9.22625027e+01      7.80227250e-04      
9.23500023e+01      7.80227250e-04      
9.24500008e+01      7.80227250e-04      
9.25499992e+01      7.80227250e-04      
9.26499977e+01      7.80227250e-04      
9.27374973e+01      7.80227250e-04      
9.28124981e+01      7.80227250e-04      
9.28874989e+01      7.80227250e-04      
9.29624996e+01      7.80227250e-04      
9.30375004e+01      6.82846689e-04      
9.31125011e+01      6.82846689e-04      
9.31875019e+01      6.82846689e-04      
9.32625027e+01      6.82846689e-04      
9.33625031e+01      6.82846689e-04      
9.34875031e+01      6.82846689e-04      
9.36125031e+01      6.82846689e-04      
9.37375031e+01      6.82846689e-04      
9.38500023e+01      6.82846689e-04      
9.39500008e+01      6.82846689e-04      
9.40499992e+01      4.86902806e-04      
9.41499977e+01      4.86902806e-04      
9.42749977e+01      4.86902806e-04      
9.44249992e+01      4.86902806e-04      
9.45750008e+01      4.86902806e-04      
9.47250023e+01      4.86902806e-04      
9.48375025e+01      4.86902806e-04      
9.49125013e+01      4.86902806e-04      
9.49875002e+01      4.18000474e-04      
9.50624990e+01      2.80195809e-04      
9.51374989e+01      2.80195809e-04      
9.52124996e+01      2.80195809e-04      
9.52875004e+01      2.80195809e-04      
9.53625011e+01      2.80195809e-04      
9.54250011e+01      2.80195809e-04      
9.54750004e+01      2.80195809e-04      
9.55249996e+01      2.80195809e-04      
9.55749989e+01      2.80195809e-04      
9.56124983e+01      2.80195809e-04      
9.56374979e+01      2.80195809e-04      
9.56624975e+01      2.80195809e-04      
9.56874971e+01      2.80195809e-04      
9.57499971e+01      2.80195809e-04      
9.58499975e+01      2.80195809e-04      
9.59499979e+01      2.80195809e-04      
9.60499983e+01      2.91352977e-04      
9.61624985e+01      2.91353177e-04      
9.62874985e+01      2.91353177e-04      
9.64124985e+01      2.91353177e-04      
9.65374985e+01      2.91353177e-04      
9.66124983e+01      2.91353177e-04      
9.66374979e+01      2.91353177e-04      
9.66624975e+01      2.91353177e-04      
9.66874971e+01      2.91353177e-04      
9.67499971e+01      2.91353177e-04      
9.68499975e+01      2.91353177e-04      
9.69499979e+01      2.91353177e-04      
9.70499983e+01      5.23164686e-03      
9.71499987e+01      5.23174109e-03      
9.72499990e+01      5.23174109e-03      
9.73499994e+01      5.23174109e-03      
9.74499998e+01      5.23174109e-03      
9.75625000e+01      5.23174109e-03      
9.76875000e+01      5.23174109e-03      
9.78125000e+01      5.23174109e-03      
9.79375000e+01      5.23174109e-03      
9.80625000e+01      5.93351193e-04      
9.81875000e+01      5.93351193e-04      
9.83125000e+01      5.93351193e-04      
9.84375000e+01      5.93351193e-04      
9.85124998e+01      5.93351193e-04      
9.85374994e+01      5.93351193e-04      
9.85624990e+01      5.93351193e-04      
9.85874987e+01      5.93351193e-04      
9.86249990e+01      5.93351193e-04      
9.86750002e+01      5.93351193e-04      
9.87250013e+01      5.93351193e-04      
9.87750025e+01      5.93351193e-04      
9.88375025e+01      5.93351193e-04      
9.89125013e+01      5.93351193e-04      
9.89875002e+01      7.00719504e-04      
9.90624990e+01      9.15456127e-04      
9.91249990e+01      9.15456127e-04      
9.91750002e+01      9.15456127e-04      
9.92250013e+01      9.15456127e-04      
9.92750025e+01      9.15456127e-04      
9.93875029e+01      9.15456127e-04      
9.95625025e+01      9.15456127e-04      
9.97375021e+01      9.15456127e-04      
9.99125017e+01      7.09706940e-04      
1.00300001e+02      3.70834639e-04      
1.00900002e+02      3.90074345e-04      
1.01500002e+02      4.28553320e-04      
1.02100002e+02      2.50323599e-03      
1.02475001e+02      3.94647538e-03      
1.02625001e+02      3.94647538e-03      
1.02775001e+02      3.94647538e-03      
1.02925000e+02      3.94647538e-03      
1.03062500e+02      4.06662885e-03      
1.03187500e+02      4.07263643e-03      
1.03312500e+02      4.07263643e-03      
1.03437500e+02      4.07263643e-03      
1.03625000e+02      4.07263643e-03      
1.03875000e+02      4.07263643e-03      
1.04125000e+02      5.91379927e-04      
1.04375000e+02      5.91379927e-04      
1.04650000e+02      5.91379927e-04      
1.04949999e+02      5.61154226e-04      
1.05249998e+02      5.00701671e-04      
1.05549997e+02      5.00701671e-04      
1.05862497e+02      4.98815615e-04      
1.06187498e+02      4.76652221e-04      
1.06512499e+02      4.76652221e-04      
1.06837500e+02      4.76652221e-04      
1.07125000e+02      5.03791498e-04      
1.07375000e+02      5.05826964e-04      
1.07625000e+02      5.05826964e-04      
1.07875000e+02      5.05826964e-04      
1.08125000e+02      8.48433068e-04      
1.08375000e+02      8.48433068e-04      
1.08625000e+02      8.48433068e-04      
1.08875000e+02      8.48433068e-04      
1.09125000e+02      5.70878756e-04      
1.09375000e+02      5.70878756e-04      
1.09625000e+02      5.70878756e-04      
1.09875000e+02      5.70878756e-04      
1.10125000e+02      6.08727071e-04      
1.10375000e+02      6.08727071e-04      
1.10625000e+02      6.08727071e-04      
1.10875000e+02      6.08727071e-04      
1.11013889e+02      5.89934227e-04      
1.11041667e+02      5.52348852e-04      
1.11069445e+02      5.52348852e-04      
1.11097223e+02      5.52348852e-04      
1.11222223e+02      5.52348852e-04      
1.11444445e+02      5.52348852e-04      
1.11666667e+02      5.52348852e-04      
1.11888889e+02      5.54093138e-04      
1.12125000e+02      6.09909831e-04      
1.12375000e+02      6.09909831e-04      
1.12625000e+02      6.09909831e-04      
1.12875000e+02      6.09909831e-04      
1.13125000e+02      4.69949915e-04      
1.13375000e+02      4.69949915e-04      
1.13625000e+02      4.69949915e-04      
1.13875000e+02      4.69949915e-04      
1.14125000e+02      3.17965274e-04      
1.14375000e+02      3.17965274e-04      
1.14625000e+02      3.17965274e-04      
1.14875000e+02      3.17965274e-04      
1.15087500e+02      5.02602730e-04      
1.15262499e+02      5.22385602e-04      
1.15437498e+02      5.22385602e-04      
1.15612497e+02      5.22385602e-04      
1.15774998e+02      5.22385602e-04      
1.15924999e+02      5.22385602e-04      
1.16075001e+02      5.90591420e-04      
1.16225002e+02      5.90591420e-04      
1.16387503e+02      5.90591420e-04      
1.16562502e+02      5.90591420e-04      
1.16737501e+02      5.90591420e-04      
1.16912500e+02      5.90591420e-04      
1.17075000e+02      2.46786882e-03      
1.17224999e+02      2.54608771e-03      
1.17374999e+02      2.54608771e-03      
1.17524999e+02      2.54608771e-03      
1.17687499e+02      2.54608771e-03      
1.17862500e+02      2.54608771e-03      
1.18037501e+02      1.20223551e-03      
1.18212502e+02      6.64711038e-04      
1.18387503e+02      6.64711038e-04      
1.18562502e+02      6.64711038e-04      
1.18737501e+02      6.64711038e-04      
1.18912500e+02      7.18631978e-04      
1.19100000e+02      2.22831956e-03      
1.19300001e+02      2.22831956e-03      
1.19500002e+02      2.22831956e-03      
1.19700003e+02      2.17139487e-03      
1.19887503e+02      2.42555906e-03      
1.20062502e+02      2.42459806e-03      
1.20237501e+02      2.18895494e-03      
1.20412500e+02      6.43659296e-03      
1.20587500e+02      1.62133773e-02      
1.20762499e+02      1.19453851e-02      
1.20937498e+02      4.35415956e-03      
1.21112497e+02      8.86092772e-03      
1.21299997e+02      2.22628263e-01      
1.21499998e+02      9.18703929e-01      
1.21699999e+02      6.06957619e-01      
1.21900000e+02      6.26326032e-02      
1.22087500e+02      5.99068168e-03      
1.22262499e+02      2.80743065e-03      
1.22437498e+02      2.01835622e-03      
1.22612497e+02      1.70068896e-03      
1.22799997e+02      1.58407337e-03      
1.22999998e+02      1.38210635e-03      
1.23199999e+02      1.22573394e-03      
1.23400000e+02      1.18120838e-03      
1.23587500e+02      1.35255919e-03      
1.23762499e+02      2.42960661e-03      
1.23937498e+02      2.59317961e-03      
1.24112497e+02      1.94239427e-03      
1.24299997e+02      1.84521320e-03      
1.24499998e+02      1.11919216e-03      
1.24699999e+02      9.16934663e-04      
1.24900000e+02      9.14815439e-04      
1.25100000e+02      9.46947299e-04      
1.25300001e+02      1.12726997e-03      
1.25500002e+02      1.21484190e-03      
1.25700003e+02      1.33593252e-03      
1.25900002e+02      2.07087320e-03      
1.26100001e+02      1.97495708e-03      
1.26300000e+02      1.95643264e-03      
1.26499999e+02      3.15974502e-03      
1.26699999e+02      1.61644678e-03      
1.26900000e+02      7.35529310e-04      
1.27100000e+02      6.89548978e-04      
1.27300001e+02      7.83333242e-04      
1.27500001e+02      1.12298233e-03      
1.27700000e+02      1.24441133e-03      
1.27899999e+02      1.15698658e-03      
1.28099998e+02      8.95599685e-04      
1.28299997e+02      6.18782204e-04      
1.28499998e+02      5.91034278e-04      
1.28699999e+02      8.56808639e-04      
1.28900000e+02      1.05943056e-03      
1.29112499e+02      7.67724970e-04      
1.29337498e+02      7.69053619e-04      
1.29562496e+02      1.05414354e-03      
1.29787495e+02      1.21293674e-03      
1.29999994e+02      3.29957375e-03      
1.30199995e+02      7.75192143e-03      
1.30399996e+02      1.12750650e-02      
1.30599997e+02      1.09311832e-02      
1.30812498e+02      3.71260474e-03      
1.31037500e+02      1.89018030e-03      
1.31262503e+02      1.16159607e-03      
1.31487505e+02      1.01302104e-03      
1.31700005e+02      1.23538900e-03      
1.31900002e+02      1.13436326e-03      
1.32099998e+02      8.07086201e-04      
1.32299995e+02      8.59959757e-04      
1.32512495e+02      8.70681202e-04      
1.32737497e+02      1.06031725e-03      
1.32962500e+02      1.27269314e-03      
1.33187502e+02      3.71866554e-03      
1.33412502e+02      2.08031217e-02      
1.33637501e+02      1.62887342e-02      
1.33862499e+02      1.89277349e-03      
1.34087498e+02      8.29158202e-04      
1.34312498e+02      8.47732198e-04      
1.34537500e+02      8.59647473e-04      
1.34762503e+02      9.23957549e-04      
1.34987505e+02      1.38432398e-03      
1.35212505e+02      1.68271553e-03      
1.35437504e+02      2.07588882e-03      
1.35662502e+02      2.30655191e-03      
1.35887501e+02      1.79174121e-03      
1.36125000e+02      1.35691838e-03      
1.36375000e+02      1.26034890e-03      
1.36625000e+02      1.16154903e-03      
1.36875000e+02      1.32333620e-03      
1.37112499e+02      1.50099687e-03      
1.37337498e+02      1.34388055e-03      
1.37562496e+02      1.18293595e-03      
1.37787495e+02      1.25130289e-03      
1.38024994e+02      1.39908228e-03      
1.38274994e+02      1.32272281e-03      
1.38524994e+02      1.31021937e-03      
1.38774994e+02      1.41041234e-03      
1.39137495e+02      4.72332038e-03      
1.39612497e+02      4.14785911e-03      
1.40087500e+02      4.11240911e-03      
1.40562502e+02      2.97140626e-03      
1.41050003e+02      1.99091490e-03      
1.41550003e+02      1.97846124e-03      
1.42050003e+02      1.98508645e-03      
1.42550003e+02      2.43165304e-03      
1.42807146e+02      2.06762658e-03      
1.42821433e+02      1.99846691e-03      
1.42835719e+02      1.99137334e-03      
1.42850006e+02      2.04821430e-03      
1.43112505e+02      2.54845500e-03      
1.43623216e+02      2.40351504e-03      
1.44133927e+02      2.28978383e-03      
1.44644638e+02      2.41202587e-03      
1.45162495e+02      2.42046449e-03      
1.45687496e+02      2.61401137e-03      
1.46212498e+02      2.84436701e-03      
1.46737499e+02      3.37483940e-03      
1.47275000e+02      4.46271577e-03      
1.47824999e+02      3.32880460e-03      
1.48374998e+02      4.05978830e-03      
1.48924997e+02      3.51317012e-03      
1.49487497e+02      3.51158400e-03      
1.50062498e+02      3.80017168e-03      
1.50637499e+02      3.86472749e-03      
1.51212500e+02      4.20188278e-03      
1.51787500e+02      4.08052167e-03      
1.52362501e+02      5.13935490e-03      
1.52937502e+02      5.80683848e-03      
1.53512503e+02      6.37790831e-03      
1.54100002e+02      5.44999180e-03      
1.54700001e+02      1.36275503e-02      
1.55299999e+02      8.97140625e-03      
1.55899998e+02      9.65317714e-03      
1.56512497e+02      7.32205247e-03      
1.57137497e+02      8.10599751e-03      
1.57762497e+02      7.34684056e-03      
1.58387497e+02      7.17696824e-03      
1.59024998e+02      7.65525052e-03      
1.59674999e+02      7.32901801e-03      
1.60325001e+02      8.12707627e-03      
1.60975002e+02      9.50818390e-03      
1.61625002e+02      9.51969651e-03      
1.62275000e+02      1.10491000e-02      
1.62924997e+02      1.14439558e-02      
1.63574995e+02      1.26773056e-02      
1.64245829e+02      1.46945169e-02      
1.64937498e+02      1.19466822e-02      
1.65629167e+02      2.52671893e-02      
1.66320837e+02      1.55948707e-02      
1.66670837e+02      1.46654865e-02      
1.66679169e+02      1.45518887e-02      
1.66687500e+02      1.45518887e-02      
1.66695831e+02      1.50704313e-02      
1.67049997e+02      1.83171606e-02      
1.67749998e+02      1.64719010e-02      
1.68449999e+02      1.89190820e-02      
1.69150000e+02      2.30502761e-02      
1.69862499e+02      2.76773273e-02      
1.70587498e+02      2.89801949e-02      
1.71312496e+02      2.88825849e-02      
1.72037495e+02      3.14198270e-02      
1.72587494e+02      3.22965626e-02      
1.72962494e+02      2.98071766e-02      
1.73337494e+02      3.08768223e-02      
1.73712494e+02      3.28817413e-02      
1.74087494e+02      3.65130339e-02      
1.74462494e+02      3.94739587e-02      
1.74837494e+02      3.85240292e-02      
1.75212494e+02      4.41123267e-02      
1.75599995e+02      4.80262757e-02      
1.75999996e+02      5.01687155e-02      
1.76399998e+02      4.77366969e-02      
1.76799999e+02      5.36726368e-02      
1.77200001e+02      6.33712841e-02      
1.77600002e+02      5.68192880e-02      
1.78000004e+02      6.48276067e-02      
1.78400005e+02      6.58772867e-02      
1.78800005e+02      6.93738499e-02      
1.79200003e+02      6.80480513e-02      
1.79600000e+02      6.42903927e-02      
1.79999998e+02      7.14978093e-02      
1.80399998e+02      7.63890072e-02      
1.80799999e+02      9.27973252e-02      
1.81200001e+02      7.76136804e-02      
1.81600002e+02      1.17897781e-01      
1.82012503e+02      9.94716243e-02      
1.82437502e+02      9.80554161e-02      
1.82862501e+02      9.11768759e-02      
1.83287500e+02      9.89413484e-02      
1.83712500e+02      1.01738220e-01      
1.84137499e+02      9.08313357e-02      
1.84562498e+02      8.58452352e-02      
1.84987497e+02      8.23571738e-02      
1.85412497e+02      1.01174410e-01      
1.85837496e+02      1.05045419e-01      
1.86262495e+02      1.07614857e-01      
1.86687494e+02      1.18466510e-01      
1.87124994e+02      1.34451473e-01      
1.87574995e+02      1.30521985e-01      
1.88024996e+02      1.25766763e-01      
1.88474997e+02      1.42147921e-01      
1.88924997e+02      1.50976995e-01      
1.89374998e+02      1.62316289e-01      
1.89824999e+02      1.46975475e-01      
1.90275000e+02      1.56577672e-01      
1.90725000e+02      1.68181889e-01      
1.91175001e+02      1.69250757e-01      
1.91625002e+02      1.82114366e-01      
1.92075003e+02      1.91473212e-01      
1.92537502e+02      1.85465130e-01      
1.93012501e+02      1.56759163e-01      
1.93487499e+02      1.30448029e-01      
1.93962498e+02      1.91623313e-01      
1.94437498e+02      2.38344782e-01      
1.94912500e+02      2.40934328e-01      
1.95387503e+02      2.28613049e-01      
1.95862505e+02      2.38736928e-01      
1.96337505e+02      2.44248652e-01      
1.96812504e+02      2.84688208e-01      
1.97287502e+02      2.66083549e-01      
1.97762501e+02      2.57953775e-01      
1.98250000e+02      2.73001444e-01      
1.98750000e+02      2.51778033e-01      
1.99250000e+02      2.82127650e-01      
1.99750000e+02      2.85731128e-01      
2.00000000e+02      2.91968218e-01      
2.00000001e+02      2.92614788e-01      
2.00000002e+02      2.92614788e-01      
2.00000003e+02      2.93703062e-01      
2.00250003e+02      3.05998442e-01      
2.00750002e+02      3.17184713e-01      
2.01250001e+02      3.32229382e-01      
2.01750000e+02      3.47032955e-01      
2.02262501e+02      3.46075978e-01      
2.02787502e+02      3.48001959e-01      
2.03312504e+02      3.80612165e-01      
2.03837505e+02      3.93059525e-01      
2.04362505e+02      4.30780200e-01      
2.04887503e+02      4.42153166e-01      
2.05412500e+02      4.46553805e-01      
2.05937498e+02      4.44481165e-01      
2.06462498e+02      4.57634062e-01      
2.06987499e+02      4.93368516e-01      
2.07512501e+02      5.37151379e-01      
2.08037502e+02      5.59675544e-01      
2.08575003e+02      6.30580247e-01      
2.09125002e+02      7.72367654e-01      
2.09675001e+02      9.41000459e-01      
2.10225000e+02      1.08190042e+00      
2.10787500e+02      1.21239544e+00      
2.11362501e+02      1.33876502e+00      
2.11937502e+02      1.57437259e+00      
2.12512503e+02      1.19875995e+00      
2.13087503e+02      1.27763906e+00      
2.13662504e+02      1.35096740e+00      
2.14237505e+02      1.70568818e+00      
2.14812506e+02      1.62307207e+00      
2.15387505e+02      1.57067919e+00      
2.15962502e+02      1.35882806e+00      
2.16537498e+02      1.32858620e+00      
2.17112495e+02      1.34370042e+00      
2.17724995e+02      1.47409449e+00      
2.18374996e+02      1.95185139e+00      
2.19024998e+02      1.79204117e+00      
2.19674999e+02      2.03179853e+00      
2.20275000e+02      2.08881209e+00      
2.20824999e+02      1.76184066e+00      
2.21374998e+02      1.57073312e+00      
2.21924997e+02      1.72764297e+00      
2.22512497e+02      2.03024393e+00      
2.23137497e+02      2.39989919e+00      
2.23762497e+02      2.72284549e+00      
2.24387497e+02      2.37953715e+00      
2.25024998e+02      2.36218268e+00      
2.25674999e+02      2.06833201e+00      
2.26325001e+02      1.69953129e+00      
2.26975002e+02      1.37710259e+00      
2.27625002e+02      1.63978520e+00      
2.28275000e+02      2.16100835e+00      
2.28924997e+02      2.00528241e+00      
2.29574995e+02      1.94981136e+00      
2.30237495e+02      1.96327025e+00      
2.30912498e+02      2.22114364e+00      
2.31587502e+02      2.06192927e+00      
2.32262505e+02      2.21663174e+00      
2.32937506e+02      1.97447835e+00      
2.33612505e+02      1.77199914e+00      
2.34287504e+02      1.54272881e+00      
2.34962503e+02      1.74073964e+00      
2.35587884e+02      2.23758218e+00      
2.36163647e+02      1.95308623e+00      
2.36739410e+02      1.91387699e+00      
2.37315172e+02      2.12216112e+00      
2.37665173e+02      1.99457260e+00      
2.37789411e+02      2.18111206e+00      
2.37913649e+02      1.89018393e+00      
2.38037887e+02      1.57298379e+00      
2.38462505e+02      1.65651445e+00      
2.39187504e+02      1.88040936e+00      
2.39912502e+02      1.65587146e+00      
2.40637501e+02      1.59413010e+00      
2.41362499e+02      1.83425279e+00      
2.42087498e+02      2.72086345e+00      
2.42812496e+02      2.88407633e+00      
2.43537495e+02      2.66000531e+00      
2.44274994e+02      2.63680386e+00      
2.45024994e+02      2.17030272e+00      
2.45774994e+02      2.01513406e+00      
2.46524994e+02      1.99113384e+00      
2.47287495e+02      2.25433643e+00      
2.48062496e+02      2.04492401e+00      
2.48837498e+02      1.74215900e+00      
2.49612499e+02      2.41752714e+00      
2.50400000e+02      2.43946824e+00      
2.51199999e+02      2.09877600e+00      
2.51999998e+02      1.67386184e+00      
2.52799997e+02      1.72042599e+00      
2.53599997e+02      2.13499915e+00      
2.54399996e+02      2.35991787e+00      
2.55199995e+02      2.90085551e+00      
2.55999994e+02      3.52341168e+00      
2.56812496e+02      4.57415209e+00      
2.57637501e+02      4.98861558e+00      
2.58462505e+02      5.09003590e+00      
2.59287510e+02      4.79579194e+00      
2.60137512e+02      3.61327552e+00      
2.61012512e+02      3.26949038e+00      
2.61887512e+02      4.05862661e+00      
2.62762512e+02      4.18787010e+00      
2.63637512e+02      7.26581607e+00      
2.64512512e+02      1.01981333e+01      
2.65387512e+02      1.01863670e+01      
2.66262512e+02      1.03450915e+01      
2.67150009e+02      1.01320708e+01      
2.68050003e+02      1.02043277e+01      
2.68949997e+02      9.80067775e+00      
2.69849991e+02      1.01900866e+01      
2.70762489e+02      1.08643229e+01      
2.71687492e+02      8.65982939e+00      
2.72612495e+02      8.29493400e+00      
2.73537498e+02      8.42254406e+00      
2.74125601e+02      6.03936558e+00      
2.74376802e+02      5.12416967e+00      
2.74628003e+02      5.50341457e+00      
2.74879204e+02      5.26425895e+00      
2.75354202e+02      6.93230444e+00      
2.76052998e+02      9.09744132e+00      
2.76751794e+02      1.03039614e+01      
2.77450590e+02      9.96473705e+00      
2.78287491e+02      7.05574157e+00      
2.79262497e+02      4.23101196e+00      
2.80237503e+02      3.33791435e+00      
2.81212509e+02      7.03939617e+00      
2.82113240e+02      1.10309497e+01      
2.82939697e+02      1.28008586e+01      
2.83766153e+02      1.26592024e+01      
2.84592609e+02      1.01373196e+01      
2.85092609e+02      6.11774323e+00      
2.85266153e+02      4.51862353e+00      
2.85439697e+02      5.00196153e+00      
2.85613240e+02      7.45572098e+00      
2.86225010e+02      1.26472438e+01      
2.87275005e+02      1.43624886e+01      
2.88325001e+02      1.25532338e+01      
2.89374996e+02      1.81557570e+01      
2.90424995e+02      2.44216760e+01      
2.91474998e+02      2.36129133e+01      
2.92525002e+02      2.09445629e+01      
2.93575005e+02      2.18902055e+01      
2.94650005e+02      2.06614219e+01      
2.95750004e+02      2.28913463e+01      
2.96850002e+02      1.90734593e+01      
2.97950001e+02      2.09660848e+01      
2.99062500e+02      1.93473563e+01      
3.00187500e+02      1.77760535e+01      
3.01312500e+02      1.88563426e+01      
3.02437500e+02      1.92458640e+01      
3.03513304e+02      2.54138241e+01      
3.04539913e+02      2.44442699e+01      
3.05566522e+02      2.40497042e+01      
3.06593131e+02      2.29269084e+01      
3.07180632e+02      2.52408764e+01      
3.07329027e+02      2.55147806e+01      
3.07477421e+02      2.58755809e+01      
3.07625815e+02      2.53340221e+01      
3.08300011e+02      2.55937399e+01      
3.09500008e+02      2.07021909e+01      
3.10700005e+02      2.73702743e+01      
3.11900002e+02      2.81883323e+01      
3.13125000e+02      2.77991326e+01      
3.14375000e+02      2.76554975e+01      
3.15625000e+02      2.51942484e+01      
3.16875000e+02      2.92036040e+01      
3.18125000e+02      2.80593847e+01      
3.19375000e+02      2.87769100e+01      
3.20625000e+02      3.20401617e+01      
3.21875000e+02      2.86249521e+01      
3.23125000e+02      2.63213948e+01      
3.24375000e+02      3.07696742e+01      
3.25625000e+02      3.67352957e+01      
3.26875000e+02      3.95873418e+01      
3.27713409e+02      3.87379286e+01      
3.28140227e+02      3.73280679e+01      
3.28567045e+02      3.72299618e+01      
3.28993862e+02      3.98782423e+01      
3.29618862e+02      4.43981855e+01      
3.30442045e+02      4.15399993e+01      
3.31265227e+02      3.93727694e+01      
3.32088409e+02      3.92427994e+01      
3.33125000e+02      3.81433708e+01      
3.34375000e+02      3.88934145e+01      
3.35625000e+02      3.73776841e+01      
3.36875000e+02      3.29792434e+01      
3.37962972e+02      3.65168825e+01      
3.38888917e+02      3.87509923e+01      
3.39814862e+02      4.08567707e+01      
3.40740807e+02      4.01652988e+01      
3.41365807e+02      3.75458703e+01      
3.41689862e+02      3.68979537e+01      
3.42013917e+02      4.09351269e+01      
3.42337972e+02      3.99601891e+01      
3.42812500e+02      4.15180520e+01      
3.43437500e+02      4.06213825e+01      
3.44062500e+02      3.26247873e+01      
3.44687500e+02      3.57734137e+01      
3.46250000e+02      3.81849922e+01      
3.48750000e+02      3.66111343e+01      
3.51250000e+02      4.10765054e+01      
3.53750000e+02      4.24852212e+01      
3.56250000e+02      3.89830118e+01      
3.58750000e+02      3.48653130e+01      
3.61250000e+02      3.84569083e+01      
3.63750000e+02      4.19071450e+01      
3.66250000e+02      4.91350535e+01      
3.68750000e+02      4.78793805e+01      
3.71250000e+02      4.67188226e+01      
3.73750000e+02      3.91455450e+01      
3.76250000e+02      4.48034274e+01      
3.78750000e+02      5.00097912e+01      
3.81250000e+02      4.42470146e+01      
3.83750000e+02      3.16364645e+01      
3.85625050e+02      4.06949533e+01      
3.86875151e+02      4.12147445e+01      
3.88125252e+02      4.06690823e+01      
3.89375353e+02      4.56263998e+01      
3.90625353e+02      5.00525207e+01      
3.91875252e+02      4.95709840e+01      
3.93125151e+02      2.91204074e+01      
3.94375050e+02      4.09074096e+01      
3.96250000e+02      3.88000259e+01      
3.98750000e+02      5.86466072e+01      
4.01250000e+02      6.89318987e+01      
4.03750000e+02      6.81930917e+01      
4.06250000e+02      6.58024739e+01      
4.08750000e+02      6.75289263e+01      
4.11250000e+02      6.78380202e+01      
4.13750000e+02      7.01023295e+01      
4.16250000e+02      7.05029263e+01      
4.18750000e+02      6.88313292e+01      
4.21250000e+02      7.06650395e+01      
4.23750000e+02      6.81861600e+01      
4.26250000e+02      6.78220260e+01      
4.28750000e+02      6.39249599e+01      
4.31250000e+02      5.82571328e+01      
4.33750000e+02      6.51712460e+01      
4.36250000e+02      7.16239842e+01      
4.38750000e+02      6.97244932e+01      
4.41250000e+02      7.51373400e+01      
4.43750000e+02      7.78889903e+01      
4.45625561e+02      7.48580175e+01      
4.46876683e+02      7.80348813e+01      
4.48127805e+02      8.05642403e+01      
4.49378927e+02      8.06408461e+01      
4.50628927e+02      8.53306232e+01      
4.51877805e+02      8.40469030e+01      
4.53126683e+02      7.61545279e+01      
4.54375561e+02      8.22523651e+01      
4.56250000e+02      8.32124338e+01      
4.58750000e+02      8.23257423e+01      
4.61250000e+02      8.29831229e+01      
4.63750000e+02      8.27058609e+01      
4.66250000e+02      8.02459429e+01      
4.68750000e+02      8.10545336e+01      
4.71250000e+02      7.98225253e+01      
4.73750000e+02      8.24109799e+01      
4.76250000e+02      8.20775536e+01      
4.78750000e+02      8.34117168e+01      
4.81250000e+02      8.34511646e+01      
4.83750000e+02      8.14888612e+01      
4.86250000e+02      7.07929450e+01      
4.88750000e+02      7.80326710e+01      
4.91250000e+02      7.84351368e+01      
4.93750000e+02      7.91205652e+01      
4.96250000e+02      7.99262909e+01      
4.98750000e+02      7.79864773e+01      
5.01250000e+02      7.38044749e+01      
5.03750000e+02      7.66929887e+01      
5.06250000e+02      7.82403491e+01      
5.08750000e+02      7.43307855e+01      
5.11250000e+02      7.71526463e+01      
5.13750000e+02      7.30291605e+01      
5.16250000e+02      6.94203773e+01      
5.18750000e+02      6.95640171e+01      
5.21250000e+02      7.43790770e+01      
5.23750000e+02      7.34721225e+01      
5.26250000e+02      7.15283061e+01      
5.28750000e+02      7.50640502e+01      
5.31250000e+02      7.63492072e+01      
5.33750000e+02      7.25508771e+01      
5.35626888e+02      7.62908108e+01      
5.36880663e+02      7.39291572e+01      
5.38134438e+02      7.53706292e+01      
5.39388214e+02      7.39644462e+01      
5.40638214e+02      7.08102928e+01      
5.41884438e+02      7.41402063e+01      
5.43130663e+02      7.29131955e+01      
5.44376888e+02      7.51407727e+01      
5.45563869e+02      7.54445783e+01      
5.46691608e+02      7.56567100e+01      
5.47819347e+02      7.38573286e+01      
5.48947086e+02      7.46954707e+01      
5.50197086e+02      7.52451010e+01      
5.51569347e+02      7.46141916e+01      
5.52941608e+02      7.37361705e+01      
5.54313869e+02      7.56033408e+01      
5.56250000e+02      7.39079755e+01      
5.58750000e+02      7.15295942e+01      
5.61250000e+02      7.21519703e+01      
5.63750000e+02      7.36816078e+01      
5.65200540e+02      7.27985563e+01      
5.65601619e+02      7.15337878e+01      
5.66002698e+02      6.82867220e+01      
5.66403777e+02      7.13868426e+01      
5.67653777e+02      7.27622952e+01      
5.69752698e+02      7.15787132e+01      
5.71851619e+02      7.17502170e+01      
5.73950540e+02      7.38789884e+01      
5.76250000e+02      7.22250700e+01      
5.78750000e+02      7.16373720e+01      
5.81250000e+02      7.25148182e+01      
5.83750000e+02      7.29175474e+01      
5.86250000e+02      7.10433258e+01      
5.88750000e+02      6.76193102e+01      
5.91250000e+02      7.08982218e+01      
5.93750000e+02      7.05779889e+01      
5.96250000e+02      7.02276285e+01      
5.98750000e+02      6.95608430e+01      
6.01250000e+02      6.83516157e+01      
6.03750000e+02      6.92658059e+01      
6.05004234e+02      6.97799697e+01      
6.05012703e+02      6.99039845e+01      
6.05021172e+02      6.99180603e+01      
6.05029640e+02      6.95268018e+01      
6.06279640e+02      6.94261472e+01      
6.08771172e+02      6.88420423e+01      
6.11262703e+02      6.81392007e+01      
6.13754234e+02      6.68469372e+01      
6.16250000e+02      6.57001711e+01      
6.18750000e+02      6.71442584e+01      
6.21250000e+02      6.71160514e+01      
6.23750000e+02      6.53138740e+01      
6.26250000e+02      6.57662415e+01      
6.28750000e+02      6.66292078e+01      
6.31250000e+02      6.49483313e+01      
6.33750000e+02      6.51989829e+01      
6.36250000e+02      6.49170774e+01      
6.38750000e+02      6.49913332e+01      
6.41250000e+02      6.34741585e+01      
6.43750000e+02      6.42236938e+01      
6.46250000e+02      6.32801612e+01      
6.48750000e+02      6.27557044e+01      
6.51250000e+02      6.32924722e+01      
6.53750000e+02      6.24026893e+01      
6.56250000e+02      5.53589294e+01      
6.58750000e+02      6.06575947e+01      
6.61250000e+02      6.17425580e+01      
6.63750000e+02      6.05856652e+01      
6.65208336e+02      6.05931222e+01      
6.65625007e+02      6.09310391e+01      
6.66041679e+02      6.06767394e+01      
6.66458351e+02      5.94352948e+01      
6.67708351e+02      6.06371982e+01      
6.69791679e+02      6.10785283e+01      
6.71875007e+02      6.08635535e+01      
6.73958336e+02      6.09469671e+01      
6.76250000e+02      6.02699908e+01      
6.78750000e+02      5.95447366e+01      
6.81250000e+02      5.90832726e+01      
6.83750000e+02      5.87758143e+01      
6.85760623e+02      5.90930724e+01      
6.87281868e+02      5.96295587e+01      
6.88803113e+02      5.88320563e+01      
6.90324358e+02      5.84120275e+01      
6.91574358e+02      5.76964948e+01      
6.92553113e+02      5.75829642e+01      
6.93531868e+02      5.76549617e+01      
6.94510623e+02      5.77626439e+01      
6.96250000e+02      5.82684695e+01      
6.98750000e+02      5.76969350e+01      
7.01250000e+02      5.68597331e+01      
7.03750000e+02      5.73403651e+01      
7.06250000e+02      5.69631565e+01      
7.08750000e+02      5.63486546e+01      
7.11250000e+02      5.56287840e+01      
7.13750000e+02      5.48530808e+01      
7.16250000e+02      5.43957870e+01      
7.18750000e+02      5.37368387e+01      
7.21250000e+02      5.38239668e+01      
7.23750000e+02      5.37372847e+01      
7.26250000e+02      5.34240818e+01      
7.28750000e+02      5.23124784e+01      
7.31250000e+02      5.27368603e+01      
7.33750000e+02      5.26882819e+01      
7.36250000e+02      5.21786042e+01      
7.38750000e+02      5.12521048e+01      
7.41250000e+02      5.06914107e+01      
7.43750000e+02      5.13223182e+01      
7.45859962e+02      5.12319011e+01      
7.47579885e+02      5.14175449e+01      
7.49299808e+02      5.06323632e+01      
7.51019731e+02      5.04641916e+01      
7.52269731e+02      5.04529957e+01      
7.53049808e+02      5.05811449e+01      
7.53829885e+02      5.08302734e+01      
7.54609962e+02      5.05849897e+01      
7.56250000e+02      5.03621973e+01      
7.58750000e+02      4.98869913e+01      
7.61250000e+02      4.90093450e+01      
7.63750000e+02      4.94421053e+01      
7.66250000e+02      4.77942653e+01      
7.68750000e+02      4.84376358e+01      
7.71250000e+02      4.78979147e+01      
7.73750000e+02      4.78159462e+01      
7.75857604e+02      4.72020034e+01      
7.77572811e+02      4.70102768e+01      
7.79288018e+02      4.68627584e+01      
7.81003225e+02      4.66904320e+01      
7.82253225e+02      4.71016851e+01      
7.83038018e+02      4.63793233e+01      
7.83822811e+02      4.59214603e+01      
7.84607604e+02      4.65115363e+01      
7.86250000e+02      4.60741466e+01      
7.88750000e+02      4.63046917e+01      
7.91250000e+02      4.57996320e+01      
7.93750000e+02      4.44978339e+01      
7.96250000e+02      4.54529540e+01      
7.98750000e+02      4.50735858e+01      
8.01250000e+02      4.48424810e+01      
8.03750000e+02      4.45028619e+01      
8.06250000e+02      4.44473336e+01      
8.08750000e+02      4.39948647e+01      
8.11250000e+02      4.43088882e+01      
8.13750000e+02      4.43730673e+01      
8.16250000e+02      4.39044163e+01      
8.18750000e+02      4.27174170e+01      
8.21250000e+02      4.23143227e+01      
8.23750000e+02      4.28140783e+01      
8.26250000e+02      4.27890297e+01      
8.28750000e+02      4.23725403e+01      
8.31250000e+02      4.21855351e+01      
8.33750000e+02      4.08444337e+01      
8.35932497e+02      4.17022892e+01      
8.37797491e+02      4.13077605e+01      
8.39662485e+02      4.10812288e+01      
8.41527480e+02      4.11795860e+01      
8.42777480e+02      4.02842135e+01      
8.43412485e+02      4.00274536e+01      
8.44047491e+02      3.97639877e+01      
8.44682497e+02      4.09351436e+01      
8.46250000e+02      4.05463608e+01      
8.48750000e+02      3.91699215e+01      
8.51250000e+02      3.81763303e+01      
8.53750000e+02      3.40527905e+01      
8.56250000e+02      3.87169947e+01      
8.58750000e+02      3.89550269e+01      
8.61250000e+02      3.91821752e+01      
8.63750000e+02      3.97087647e+01      
8.66250000e+02      3.60380135e+01      
8.68750000e+02      3.88382261e+01      
8.71250000e+02      3.96033825e+01      
8.73750000e+02      3.88432502e+01      
8.76250000e+02      3.80362082e+01      
8.78750000e+02      3.82423600e+01      
8.81250000e+02      3.72946306e+01      
8.83750000e+02      3.74522534e+01      
8.85783196e+02      3.70844322e+01      
8.87349589e+02      3.64995430e+01      
8.88915982e+02      3.72641811e+01      
8.90482375e+02      3.73849411e+01      
8.91732375e+02      3.69086782e+01      
8.92665982e+02      3.60122832e+01      
8.93599589e+02      3.66898753e+01      
8.94533196e+02      3.59614748e+01      
8.96250000e+02      3.65748432e+01      
8.98750000e+02      3.62430949e+01      
9.01250000e+02      3.45183167e+01      
9.03750000e+02      3.60143493e+01      
9.06250000e+02      3.56222591e+01      
9.08750000e+02      3.46365317e+01      
9.11250000e+02      3.47501395e+01      
9.13750000e+02      3.52753247e+01      
9.16250000e+02      3.48137806e+01      
9.18750000e+02      3.46624109e+01      
9.21250000e+02      3.37286173e+01      
9.23750000e+02      3.29854225e+01      
9.26250000e+02      3.34378945e+01      
9.28750000e+02      3.39208694e+01      
9.31250000e+02      3.38114906e+01      
9.33750000e+02      3.37431728e+01      
9.36250000e+02      3.32560717e+01      
9.38750000e+02      3.32428069e+01      
9.41250000e+02      3.19808553e+01      
9.43750000e+02      3.24386834e+01      
9.46250000e+02      3.26020922e+01      
9.48750000e+02      3.26698141e+01      
9.51250000e+02      3.23072664e+01      
9.53750000e+02      3.16064745e+01      
9.55817304e+02      3.10708758e+01      
9.57451913e+02      3.16214418e+01      
9.59086521e+02      3.19385071e+01      
9.60721130e+02      3.13909872e+01      
9.61971130e+02      3.16572737e+01      
9.62836521e+02      3.11125172e+01      
9.63701913e+02      3.11110729e+01      
9.64567304e+02      3.12531623e+01      
9.66250000e+02      3.09190476e+01      
9.68750000e+02      3.09886352e+01      
9.71250000e+02      3.09201605e+01      
9.73750000e+02      3.04594954e+01      
9.76250000e+02      3.04643060e+01      
9.78750000e+02      3.02748368e+01      
9.81250000e+02      3.03032236e+01      
9.83750000e+02      3.00636140e+01      
9.86250000e+02      2.98845241e+01      
9.88750000e+02      2.95899649e+01      
9.91250000e+02      2.95206643e+01      
9.93750000e+02      2.95339936e+01      
9.96250000e+02      2.93746046e+01      
9.98750000e+02      2.91953475e+01      
1.00125000e+03      2.91191691e+01      
1.00375000e+03      2.83961009e+01      
1.00625000e+03      2.77797682e+01      
1.00875000e+03      2.85819690e+01      
1.01125000e+03      2.84410275e+01      
1.01375000e+03      2.81873501e+01      
1.01625000e+03      2.79236978e+01      
1.01875000e+03      2.76467851e+01      
1.02125000e+03      2.75698991e+01      
1.02375000e+03      2.77472552e+01      
1.02625000e+03      2.76186789e+01      
1.02875000e+03      2.73926339e+01      
1.03125000e+03      2.72591883e+01      
1.03375000e+03      2.67816664e+01      
1.03515868e+03      2.66082121e+01      
1.03547603e+03      2.69446003e+01      
1.03579339e+03      2.69956917e+01      
1.03611075e+03      2.70178184e+01      
1.03736075e+03      2.65413903e+01      
1.03954339e+03      2.66491015e+01      
1.04172603e+03      2.65926041e+01      
1.04390868e+03      2.64927488e+01      
1.04625000e+03      2.60283022e+01      
1.04875000e+03      2.63022215e+01      
1.05125000e+03      2.61306515e+01      
1.05375000e+03      2.59764552e+01      
1.05625000e+03      2.60043049e+01      
1.05875000e+03      2.54747973e+01      
1.06125000e+03      2.54259721e+01      
1.06375000e+03      2.54615506e+01      
1.06556484e+03      2.54935710e+01      
1.06669451e+03      2.49539818e+01      
1.06782418e+03      2.53162316e+01      
1.06895385e+03      2.40015676e+01      
1.07020385e+03      2.48777692e+01      
1.07157418e+03      2.50698844e+01      
1.07294451e+03      2.45753358e+01      
1.07431484e+03      2.48130387e+01      
1.07625000e+03      2.48301657e+01      
1.07875000e+03      2.46194570e+01      
1.08125000e+03      2.43100854e+01      
1.08375000e+03      2.41537209e+01      
1.08687500e+03      2.40398818e+01      
1.09062500e+03      2.40973936e+01      
1.09437500e+03      2.29982462e+01      
1.09812500e+03      2.33249272e+01      
1.10374294e+03      2.32931042e+01      
1.11122881e+03      2.30739609e+01      
1.11871468e+03      2.26985914e+01      
1.12620055e+03      2.21940413e+01      
1.13903128e+03      2.16566787e+01      
1.15720685e+03      2.10520467e+01      
1.17538242e+03      2.03416991e+01      
1.19355799e+03      1.96229410e+01      
1.21571375e+03      1.89647088e+01      
1.24184971e+03      1.81650104e+01      
1.26798566e+03      1.74530328e+01      
1.29412161e+03      1.65897949e+01      
1.32261778e+03      1.58950904e+01      
1.35347418e+03      1.51628220e+01      
1.38433059e+03      1.44575206e+01      
1.41518699e+03      1.36971246e+01      
1.44740644e+03      1.30536618e+01      
1.48098895e+03      1.23530861e+01      
1.51457146e+03      1.16513348e+01      
1.54815397e+03      1.10570264e+01      
1.58029753e+03      1.03763406e+01      
1.61100215e+03      9.88945313e+00      
1.64170676e+03      9.33283201e+00      
1.67241138e+03      8.78043244e+00      
1.70956790e+03      8.26994923e+00      
1.75317633e+03      7.56161659e+00      
1.79678476e+03      6.97948017e+00      
1.84039319e+03      6.46615994e+00      
1.88194796e+03      5.92141274e+00      
1.92144910e+03      5.56973467e+00      
1.96095023e+03      5.12554672e+00      
2.00045136e+03      4.80124428e+00      
2.04300708e+03      4.44626624e+00      
2.08861738e+03      4.12414037e+00      
2.13422769e+03      3.82657356e+00      
2.17983800e+03      3.49998604e+00      
2.23748645e+03      3.18346929e+00      
2.30717304e+03      2.83159977e+00      
2.37685964e+03      2.50732805e+00      
2.44654623e+03      2.26805063e+00      
2.50366265e+03      2.09510280e+00      
2.54820889e+03      1.96448130e+00      
2.59275514e+03      1.85036238e+00      
2.63730139e+03      1.73918119e+00      
2.69209120e+03      1.61986250e+00      
2.75712457e+03      1.49617117e+00      
2.82215795e+03      1.37893318e+00      
2.88719133e+03      1.27472364e+00      
2.94894192e+03      1.18300966e+00      
3.00740972e+03      1.10311282e+00      
3.06587753e+03      1.03052475e+00      
3.12434533e+03      9.68710831e-01      
3.16430572e+03      9.25545578e-01      
3.18575868e+03      8.98953255e-01      
3.20721164e+03      8.77993009e-01      
3.22866461e+03      8.58018235e-01      
3.24919847e+03      8.37740685e-01      
3.26881322e+03      8.20259613e-01      
3.28842798e+03      8.03351962e-01      
3.30804273e+03      7.85390502e-01      
3.32814434e+03      7.69460513e-01      
3.34873280e+03      7.52267586e-01      
3.36932126e+03      7.35778856e-01      
3.38990971e+03      7.20523325e-01      
3.41102225e+03      7.03839189e-01      
3.43265885e+03      6.88261570e-01      
3.45429546e+03      6.73430665e-01      
3.47593206e+03      6.57901601e-01      
3.49797380e+03      6.42990868e-01      
3.52042067e+03      6.28836693e-01      
3.54286754e+03      6.14602077e-01      
3.56531441e+03      6.00002134e-01      
3.58902943e+03      5.86108180e-01      
3.61401260e+03      5.71888614e-01      
3.63899577e+03      5.57918365e-01      
3.66397893e+03      5.44268320e-01      
3.68950149e+03      5.30292922e-01      
3.71556345e+03      5.17067970e-01      
3.74162540e+03      5.04166053e-01      
3.76768735e+03      4.90173106e-01      
3.80933142e+03      4.70505247e-01      
3.86655760e+03      4.47530278e-01      
3.92378378e+03      4.24195210e-01      
3.98100996e+03      4.03216358e-01      
4.02990538e+03      3.85448704e-01      
4.07047004e+03      3.70734692e-01      
4.11103469e+03      3.57719397e-01      
4.15159935e+03      3.42966349e-01      
4.21857828e+03      3.23506307e-01      
4.31197149e+03      3.00169883e-01      
4.40536469e+03      2.77406108e-01      
4.49875790e+03      2.56943404e-01      
4.58702880e+03      2.39116636e-01      
4.67017740e+03      2.23470389e-01      
4.75332600e+03      2.09347845e-01      
4.83647460e+03      1.96565535e-01      
4.90931845e+03      1.86007055e-01      
4.97185755e+03      1.76982746e-01      
5.03439665e+03      1.69004429e-01      
5.09693575e+03      1.61260399e-01      
5.16285533e+03      1.53678500e-01      
5.23215538e+03      1.46319841e-01      
5.30145544e+03      1.39269776e-01      
5.37075549e+03      1.32562477e-01      
5.44401556e+03      1.26042573e-01      
5.52123564e+03      1.19545029e-01      
5.59845573e+03      1.13492369e-01      
5.67567581e+03      1.07736701e-01      
5.75757587e+03      1.02071394e-01      
5.84415591e+03      9.65547837e-02      
5.93073595e+03      9.13430808e-02      
6.01731598e+03      8.63929960e-02      
6.10948187e+03      8.15666957e-02      
6.20723361e+03      7.68697226e-02      
6.30498534e+03      7.24633071e-02      
6.40273708e+03      6.82980668e-02      
6.50723028e+03      6.42345705e-02      
6.61846495e+03      6.02712535e-02      
6.72969961e+03      5.65941175e-02      
6.84093428e+03      5.30825750e-02      
6.96040857e+03      4.97125334e-02      
7.08812249e+03      4.64405280e-02      
7.21583641e+03      4.33786156e-02      
7.34355032e+03      4.06030895e-02      
7.46187353e+03      3.82032046e-02      
7.57080603e+03      3.61014602e-02      
7.67973852e+03      3.41852168e-02      
7.78867102e+03      3.23612540e-02      
7.90441173e+03      3.05777743e-02      
8.02696067e+03      2.88458662e-02      
8.14950961e+03      2.72188199e-02      
8.27205855e+03      2.56234923e-02      
8.41982520e+03      2.39465002e-02      
8.59280956e+03      2.22156303e-02      
8.76579392e+03      2.05626856e-02      
8.93877828e+03      1.91617203e-02      
9.07082057e+03      1.81032055e-02      
9.16192079e+03      1.73411325e-02      
9.25302100e+03      1.66884585e-02      
9.34412122e+03      1.60226802e-02      
9.46596241e+03      1.52428779e-02      
9.61854458e+03      1.43746242e-02      
9.77112675e+03      1.35277537e-02      
9.92370892e+03      1.27373939e-02      
1.00797873e+04      1.19860997e-02      
1.02393618e+04      1.12829751e-02      
1.03989363e+04      1.06279364e-02      
1.05585108e+04      1.00026524e-02      
1.07370822e+04      9.37190526e-03      
1.09346507e+04      8.74812630e-03      
1.11322191e+04      8.16199739e-03      
1.13297875e+04      7.59722286e-03      
1.15625002e+04      7.02146237e-03      
1.18303573e+04      6.44282744e-03      
1.20982144e+04      5.90424040e-03      
1.23660715e+04      5.40537533e-03      
1.26736112e+04      4.91299888e-03      
1.30208335e+04      4.43425911e-03      
1.33680558e+04      4.00195268e-03      
1.37152781e+04      3.62880959e-03      
1.40268412e+04      3.32441359e-03      
1.43027449e+04      3.07199219e-03      
1.45786486e+04      2.85103562e-03      
1.48545523e+04      2.64697914e-03      
1.51443729e+04      2.45444925e-03      
1.54481106e+04      2.27326959e-03      
1.57518482e+04      2.10529773e-03      
1.60555859e+04      1.94025556e-03      
1.64751008e+04      1.75453693e-03      
1.70103929e+04      1.55820957e-03      
1.75456851e+04      1.37984866e-03      
1.80809772e+04      1.22861358e-03      
1.85802979e+04      1.10361347e-03      
1.90436473e+04      9.99594172e-04      
1.95069966e+04      9.09716592e-04      
1.99703460e+04      8.25701917e-04      
2.05176771e+04      7.42595642e-04      
2.11489899e+04      6.61782282e-04      
2.17803028e+04      5.89367701e-04      
2.24116156e+04      5.23488465e-04      
2.31758368e+04      4.58919356e-04      
2.40729663e+04      3.97277642e-04      
2.49700959e+04      3.43780641e-04      
2.58672254e+04      2.98488720e-04      
2.68141952e+04      2.59010010e-04      
2.78110051e+04      2.24543901e-04      
2.88078151e+04      1.95385375e-04      
2.98046250e+04      1.69762685e-04      
3.09794371e+04      1.45757821e-04      
3.23322513e+04      1.23775701e-04      
3.36850655e+04      1.05205754e-04      
3.50378797e+04      8.86849061e-05      
3.69318190e+04      7.21019750e-05      
3.93668833e+04      5.68132733e-05      
4.18019476e+04      4.47460868e-05      
4.42370119e+04      3.50443235e-05      
4.75852261e+04      2.63056319e-05      
5.18465900e+04      1.90740420e-05      
5.61079540e+04      1.39212819e-05      
6.03693180e+04      9.99754034e-06      
6.71875000e+04      6.59006675e-06      
7.65625000e+04      4.07018918e-06      
8.59375000e+04      2.56220309e-06      
9.53125000e+04      1.77220979e-06      
1.00000000e+05      7.82041343e-07      
