Wavelength(nm)      SolarFlux(mW/m^2/nm)
1.00000000e+00      6.11590098e-03      
1.37500000e+00      4.89254128e-03      
2.12500000e+00      4.69929891e-02      
2.87500000e+00      6.01567464e-02      
3.62500000e+00      4.43838133e-02      
4.12500000e+00      5.57348202e-02      
4.37500000e+00      6.14103236e-02      
4.62500000e+00      6.14103236e-02      
4.87500000e+00      6.14103236e-02      
5.12500000e+00      1.05551799e-01      
5.37500000e+00      1.05551799e-01      
5.62500000e+00      1.05551799e-01      
5.87500000e+00      1.05551799e-01      
6.12500000e+00      9.38836576e-02      
6.37500000e+00      9.38836576e-02      
6.62500000e+00      9.38836576e-02      
6.87500000e+00      9.38836576e-02      
7.12500000e+00      9.85509140e-02      
7.37500000e+00      9.85509140e-02      
7.62500000e+00      9.85509140e-02      
7.87500000e+00      9.85509140e-02      
8.12500000e+00      6.00550242e-02      
8.37500000e+00      6.00550242e-02      
8.62500000e+00      6.00550242e-02      
8.87500000e+00      6.00550242e-02      
9.12500000e+00      6.73969775e-02      
9.37500000e+00      6.73969775e-02      
9.62500000e+00      6.73969775e-02      
9.87500000e+00      6.73969775e-02      
1.01250000e+01      2.34080859e-02      
1.03750000e+01      2.34080859e-02      
1.06250000e+01      2.34080859e-02      
1.08750000e+01      2.34080859e-02      
1.11250000e+01      1.67751966e-02      
1.13750000e+01      1.67751966e-02      
1.16250000e+01      1.67751966e-02      
1.18750000e+01      1.67751966e-02      
1.21000000e+01      1.08788252e-02      
1.23000001e+01      1.05103024e-02      
1.25000001e+01      1.05103024e-02      
1.27000002e+01      1.05103024e-02      
1.31125002e+01      1.02088122e-02      
1.37375002e+01      1.19086910e-02      
1.43625002e+01      3.22220202e-02      
1.49875002e+01      3.53396323e-02      
1.55875002e+01      3.88638850e-02      
1.61625003e+01      4.98077488e-02      
1.67375003e+01      6.07353151e-02      
1.73125004e+01      2.34260369e-01      
1.79625003e+01      1.78804824e-01      
1.86875002e+01      1.17192086e-01      
1.94125001e+01      1.20451117e-01      
2.01375000e+01      7.81647822e-02      
2.08250000e+01      5.54190545e-02      
2.14750001e+01      4.51287792e-02      
2.21250002e+01      5.77614467e-02      
2.27750003e+01      5.55494662e-02      
2.35875003e+01      3.58372765e-02      
2.45625002e+01      8.25816811e-02      
2.55375001e+01      1.29773884e-01      
2.65125000e+01      4.40606955e-02      
2.71250000e+01      6.34269489e-02      
2.73750000e+01      7.74674808e-02      
2.76250000e+01      7.74674808e-02      
2.78750000e+01      8.09302260e-02      
2.82500000e+01      9.47812069e-02      
2.87500000e+01      9.47812069e-02      
2.92500000e+01      2.71149646e-02      
2.97500000e+01      2.71149646e-02      
3.02500000e+01      5.75329106e-01      
3.07500000e+01      5.75329106e-01      
3.12500000e+01      1.11744889e-01      
3.17500000e+01      1.11744889e-01      
3.22500000e+01      1.55186275e-01      
3.27500000e+01      1.55186275e-01      
3.32500000e+01      1.52403872e-01      
3.37500000e+01      1.52403872e-01      
3.42500000e+01      6.51620797e-02      
3.47500000e+01      6.51620797e-02      
3.52500000e+01      5.60609298e-02      
3.57500000e+01      5.60609298e-02      
3.61250000e+01      7.19942251e-02      
3.63750000e+01      7.59775489e-02      
3.66250000e+01      7.59775489e-02      
3.68750000e+01      5.48282954e-02      
3.73750000e+01      1.25297883e-02      
3.81250000e+01      7.75841622e-03      
3.88750000e+01      5.36195957e-03      
3.96250000e+01      5.34041838e-03      
4.03750000e+01      8.95664454e-03      
4.11250000e+01      1.47015585e-02      
4.18750000e+01      1.31649541e-02      
4.26250000e+01      4.34683130e-03      
4.33750000e+01      1.01333317e-02      
4.41250000e+01      6.02853952e-03      
4.48750000e+01      4.13381293e-03      
4.56250000e+01      4.44915192e-03      
4.62500000e+01      1.47913134e-02      
4.67500000e+01      1.60840836e-02      
4.72500000e+01      6.38696087e-03      
4.77500000e+01      6.38696087e-03      
4.82500000e+01      1.06359593e-02      
4.87500000e+01      1.06359593e-02      
4.92500000e+01      3.78676053e-02      
4.97500000e+01      3.78676053e-02      
5.02500000e+01      1.54288726e-02      
5.07500000e+01      1.54288726e-02      
5.12500000e+01      5.28746297e-03      
5.17500000e+01      5.28746297e-03      
5.22500000e+01      9.31656182e-03      
5.27500000e+01      9.31656182e-03      
5.32500000e+01      6.86625221e-03      
5.37500000e+01      6.86625221e-03      
5.42500000e+01      4.42581564e-03      
5.47500000e+01      4.42581564e-03      
5.52500000e+01      1.98178887e-02      
5.57500000e+01      1.98178887e-02      
5.62500000e+01      6.04230194e-03      
5.67500000e+01      6.04230194e-03      
5.72500000e+01      6.01986321e-03      
5.77500000e+01      6.01986321e-03      
5.82500000e+01      3.40978982e-02      
5.87500000e+01      3.40978982e-02      
5.92500000e+01      7.11577091e-03      
5.97500000e+01      7.11577091e-03      
6.02500000e+01      2.92690829e-02      
6.07500000e+01      2.92690829e-02      
6.12500000e+01      8.90009894e-03      
6.17500000e+01      8.90009894e-03      
6.21250000e+01      3.26987983e-02      
6.23750000e+01      3.86484732e-02      
6.26250000e+01      3.86484732e-02      
6.28750000e+01      2.42158803e-02      
6.36250000e+01      7.89551687e-03      
6.48750000e+01      2.04443781e-03      
6.61250000e+01      1.64269474e-03      
6.73750000e+01      1.59404757e-03      
6.83750000e+01      4.96883297e-03      
6.91250000e+01      4.57780065e-03      
6.98750000e+01      6.30677980e-03      
7.06250000e+01      1.07167387e-02      
7.13750000e+01      4.69508043e-03      
7.21250000e+01      3.92797495e-03      
7.28750000e+01      3.90224521e-03      
7.36250000e+01      4.61789119e-03      
7.43750000e+01      5.69046261e-03      
7.51250000e+01      7.67284985e-03      
7.58750000e+01      1.30551539e-02      
7.66250000e+01      2.18373747e-02      
7.71250000e+01      2.06944952e-02      
7.73750000e+01      2.01230555e-02      
7.76250000e+01      2.01230555e-02      
7.78750000e+01      2.01230555e-02      
7.81250000e+01      2.80394404e-02      
7.83750000e+01      2.80394404e-02      
7.86250000e+01      2.80394404e-02      
7.88750000e+01      2.80394404e-02      
7.91250000e+01      1.31042199e-02      
7.93750000e+01      1.31042199e-02      
7.96250000e+01      1.31042199e-02      
7.98750000e+01      1.32597951e-02      
8.03750000e+01      1.35709455e-02      
8.11250000e+01      1.48035799e-02      
8.18750000e+01      1.78761904e-02      
8.26250000e+01      2.27887769e-02      
8.30749998e+01      3.07186125e-02      
8.32249994e+01      3.86484732e-02      
8.33749990e+01      3.86484732e-02      
8.35249987e+01      3.86484732e-02      
8.38999987e+01      3.44028608e-02      
8.44999990e+01      2.82997297e-02      
8.50999994e+01      3.04418773e-02      
8.56999998e+01      3.15129562e-02      
8.60625000e+01      3.24841502e-02      
8.61875000e+01      3.34067852e-02      
8.63125000e+01      3.34067852e-02      
8.64375000e+01      3.34067852e-02      
8.65625000e+01      3.34067852e-02      
8.66875000e+01      3.34067852e-02      
8.68125000e+01      3.34067852e-02      
8.69375000e+01      3.34067852e-02      
8.70625000e+01      3.97614343e-02      
8.71875000e+01      3.97614343e-02      
8.73125000e+01      3.97614343e-02      
8.74375000e+01      3.97614343e-02      
8.75625000e+01      3.97614343e-02      
8.76875000e+01      3.97614343e-02      
8.78125000e+01      3.97614343e-02      
8.79375000e+01      3.97614343e-02      
8.80625000e+01      4.54429215e-02      
8.81875000e+01      4.54429215e-02      
8.83125000e+01      4.54429215e-02      
8.84375000e+01      4.54429215e-02      
8.85625000e+01      4.54429215e-02      
8.86875000e+01      4.54429215e-02      
8.88125000e+01      4.54429215e-02      
8.89375000e+01      4.54429215e-02      
8.90625000e+01      5.52710864e-02      
8.91875000e+01      5.52710864e-02      
8.93125000e+01      5.52710864e-02      
8.94375000e+01      5.52710864e-02      
8.95625000e+01      5.52710864e-02      
8.96875000e+01      5.52710864e-02      
8.98125000e+01      5.52710864e-02      
8.99375000e+01      5.52710864e-02      
9.00625000e+01      6.50902758e-02      
9.01875000e+01      6.50902758e-02      
9.03125000e+01      6.50902758e-02      
9.04375000e+01      6.50902758e-02      
9.05749998e+01      6.50902758e-02      
9.07249994e+01      6.50902758e-02      
9.08749990e+01      6.50902758e-02      
9.10249987e+01      5.53291545e-02      
9.11499987e+01      4.97511581e-02      
9.12499990e+01      4.97511581e-02      
9.13499994e+01      4.97511581e-02      
9.14499998e+01      4.97511581e-02      
9.15625000e+01      4.97511581e-02      
9.16875000e+01      4.97511581e-02      
9.18125000e+01      4.97511581e-02      
9.19375000e+01      4.97511581e-02      
9.20375004e+01      2.23322094e-02      
9.21125011e+01      1.77625008e-02      
9.21875019e+01      1.77625008e-02      
9.22625027e+01      1.77625008e-02      
9.23500023e+01      1.77625008e-02      
9.24500008e+01      1.77625008e-02      
9.25499992e+01      1.77625008e-02      
9.26499977e+01      1.77625008e-02      
9.27374973e+01      1.77625008e-02      
9.28124981e+01      1.77625008e-02      
9.28874989e+01      1.77625008e-02      
9.29624996e+01      1.77625008e-02      
9.30375004e+01      1.55455540e-02      
9.31125011e+01      1.55455540e-02      
9.31875019e+01      1.55455540e-02      
9.32625027e+01      1.55455540e-02      
9.33625031e+01      1.55455540e-02      
9.34875031e+01      1.55455540e-02      
9.36125031e+01      1.55455540e-02      
9.37375031e+01      1.55455540e-02      
9.38500023e+01      1.55455540e-02      
9.39500008e+01      1.55455540e-02      
9.40499992e+01      1.10847340e-02      
9.41499977e+01      1.10847340e-02      
9.42749977e+01      1.10847340e-02      
9.44249992e+01      1.10847340e-02      
9.45750008e+01      1.10847340e-02      
9.47250023e+01      1.10847340e-02      
9.48375025e+01      1.10847340e-02      
9.49125013e+01      1.10847340e-02      
9.49875002e+01      9.51611694e-03      
9.50624990e+01      6.37888293e-03      
9.51374989e+01      6.37888293e-03      
9.52124996e+01      6.37888293e-03      
9.52875004e+01      6.37888293e-03      
9.53625011e+01      6.37888293e-03      
9.54250011e+01      6.37888293e-03      
9.54750004e+01      6.37888293e-03      
9.55249996e+01      6.37888293e-03      
9.55749989e+01      6.37888293e-03      
9.56124983e+01      6.37888293e-03      
9.56374979e+01      6.37888293e-03      
9.56624975e+01      6.37888293e-03      
9.56874971e+01      6.37888293e-03      
9.57499971e+01      6.37888293e-03      
9.58499975e+01      6.37888293e-03      
9.59499979e+01      6.37888293e-03      
9.60499983e+01      6.63288483e-03      
9.61624985e+01      6.63288938e-03      
9.62874985e+01      6.63288938e-03      
9.64124985e+01      6.63288938e-03      
9.65374985e+01      6.63288938e-03      
9.66124983e+01      6.63288938e-03      
9.66374979e+01      6.63288938e-03      
9.66624975e+01      6.63288938e-03      
9.66874971e+01      6.63288938e-03      
9.67499971e+01      6.63288938e-03      
9.68499975e+01      6.63288938e-03      
9.69499979e+01      6.63288938e-03      
9.70499983e+01      1.19102648e-01      
9.71499987e+01      1.19104793e-01      
9.72499990e+01      1.19104793e-01      
9.73499994e+01      1.19104793e-01      
9.74499998e+01      1.19104793e-01      
9.75625000e+01      1.19104793e-01      
9.76875000e+01      1.19104793e-01      
9.78125000e+01      1.19104793e-01      
9.79375000e+01      1.19104793e-01      
9.80625000e+01      1.35081171e-02      
9.81875000e+01      1.35081171e-02      
9.83125000e+01      1.35081171e-02      
9.84375000e+01      1.35081171e-02      
9.85124998e+01      1.35081171e-02      
9.85374994e+01      1.35081171e-02      
9.85624990e+01      1.35081171e-02      
9.85874987e+01      1.35081171e-02      
9.86249990e+01      1.35081171e-02      
9.86750002e+01      1.35081171e-02      
9.87250013e+01      1.35081171e-02      
9.87750025e+01      1.35081171e-02      
9.88375025e+01      1.35081171e-02      
9.89125013e+01      1.35081171e-02      
9.89875002e+01      1.59524430e-02      
9.90624990e+01      2.08410949e-02      
9.91249990e+01      2.08410949e-02      
9.91750002e+01      2.08410949e-02      
9.92250013e+01      2.08410949e-02      
9.92750025e+01      2.08410949e-02      
9.93875029e+01      2.08410949e-02      
9.95625025e+01      2.08410949e-02      
9.97375021e+01      2.08410949e-02      
9.99125017e+01      1.61570492e-02      
1.00300001e+02      8.44234879e-03      
1.00900002e+02      8.88035615e-03      
1.01500002e+02      9.75636098e-03      
1.02100002e+02      5.69881803e-02      
1.02475001e+02      8.98446857e-02      
1.02625001e+02      8.98446857e-02      
1.02775001e+02      8.98446857e-02      
1.02925000e+02      8.98446857e-02      
1.03062500e+02      9.25800761e-02      
1.03187500e+02      9.27168435e-02      
1.03312500e+02      9.27168435e-02      
1.03437500e+02      9.27168435e-02      
1.03625000e+02      9.27168435e-02      
1.03875000e+02      9.27168435e-02      
1.04125000e+02      1.34632396e-02      
1.04375000e+02      1.34632396e-02      
1.04650000e+02      1.34632396e-02      
1.04949999e+02      1.27751272e-02      
1.05249998e+02      1.13988762e-02      
1.05549997e+02      1.13988762e-02      
1.05862497e+02      1.13559386e-02      
1.06187498e+02      1.08513711e-02      
1.06512499e+02      1.08513711e-02      
1.06837500e+02      1.08513711e-02      
1.07125000e+02      1.14692186e-02      
1.07375000e+02      1.15155576e-02      
1.07625000e+02      1.15155576e-02      
1.07875000e+02      1.15155576e-02      
1.08125000e+02      1.93152611e-02      
1.08375000e+02      1.93152611e-02      
1.08625000e+02      1.93152611e-02      
1.08875000e+02      1.93152611e-02      
1.09125000e+02      1.29965140e-02      
1.09375000e+02      1.29965140e-02      
1.09625000e+02      1.29965140e-02      
1.09875000e+02      1.29965140e-02      
1.10125000e+02      1.38581613e-02      
1.10375000e+02      1.38581613e-02      
1.10625000e+02      1.38581613e-02      
1.10875000e+02      1.38581613e-02      
1.11013889e+02      1.34303271e-02      
1.11041667e+02      1.25746658e-02      
1.11069445e+02      1.25746658e-02      
1.11097223e+02      1.25746658e-02      
1.11222223e+02      1.25746658e-02      
1.11444445e+02      1.25746658e-02      
1.11666667e+02      1.25746658e-02      
1.11888889e+02      1.26143759e-02      
1.12125000e+02      1.38850878e-02      
1.12375000e+02      1.38850878e-02      
1.12625000e+02      1.38850878e-02      
1.12875000e+02      1.38850878e-02      
1.13125000e+02      1.06987877e-02      
1.13375000e+02      1.06987877e-02      
1.13625000e+02      1.06987877e-02      
1.13875000e+02      1.06987877e-02      
1.14125000e+02      7.23873517e-03      
1.14375000e+02      7.23873517e-03      
1.14625000e+02      7.23873517e-03      
1.14875000e+02      7.23873517e-03      
1.15087500e+02      1.14421553e-02      
1.15262499e+02      1.18925283e-02      
1.15437498e+02      1.18925283e-02      
1.15612497e+02      1.18925283e-02      
1.15774998e+02      1.18925283e-02      
1.15924999e+02      1.18925283e-02      
1.16075001e+02      1.34452886e-02      
1.16225002e+02      1.34452886e-02      
1.16387503e+02      1.34452886e-02      
1.16562502e+02      1.34452886e-02      
1.16737501e+02      1.34452886e-02      
1.16912500e+02      1.34452886e-02      
1.17075000e+02      5.61830182e-02      
1.17224999e+02      5.79637343e-02      
1.17374999e+02      5.79637343e-02      
1.17524999e+02      5.79637343e-02      
1.17687499e+02      5.79637343e-02      
1.17862500e+02      5.79637343e-02      
1.18037501e+02      2.73698583e-02      
1.18212502e+02      1.51326813e-02      
1.18387503e+02      1.51326813e-02      
1.18562502e+02      1.51326813e-02      
1.18737501e+02      1.51326813e-02      
1.18912500e+02      1.63602349e-02      
1.19100000e+02      5.07294869e-02      
1.19300001e+02      5.07294869e-02      
1.19500002e+02      5.07294869e-02      
1.19700003e+02      4.94335505e-02      
1.19887503e+02      5.52198027e-02      
1.20062502e+02      5.51979248e-02      
1.20237501e+02      4.98333196e-02      
1.20412500e+02      1.46534215e-01      
1.20587500e+02      3.69110572e-01      
1.20762499e+02      2.71946297e-01      
1.20937498e+02      9.91259439e-02      
1.21112497e+02      2.01726146e-01      
1.21299997e+02      5.06831143e+00      
1.21499998e+02      2.09150338e+01      
1.21699999e+02      1.38178783e+01      
1.21900000e+02      1.42588158e+00      
1.22087500e+02      1.36382686e-01      
1.22262499e+02      6.39134165e-02      
1.22437498e+02      4.59495025e-02      
1.22612497e+02      3.87175519e-02      
1.22799997e+02      3.60627041e-02      
1.22999998e+02      3.14647626e-02      
1.23199999e+02      2.79048188e-02      
1.23400000e+02      2.68911586e-02      
1.23587500e+02      3.07920977e-02      
1.23762499e+02      5.53119483e-02      
1.23937498e+02      5.90358192e-02      
1.24112497e+02      4.42201676e-02      
1.24299997e+02      4.20077624e-02      
1.24499998e+02      2.54793097e-02      
1.24699999e+02      2.08747550e-02      
1.24900000e+02      2.08265092e-02      
1.25100000e+02      2.15580168e-02      
1.25300001e+02      2.56632074e-02      
1.25500002e+02      2.76568528e-02      
1.25700003e+02      3.04135781e-02      
1.25900002e+02      4.71450937e-02      
1.26100001e+02      4.49614861e-02      
1.26300000e+02      4.45397623e-02      
1.26499999e+02      7.19341365e-02      
1.26699999e+02      3.67997109e-02      
1.26900000e+02      1.67449162e-02      
1.27100000e+02      1.56981370e-02      
1.27300001e+02      1.78332112e-02      
1.27500001e+02      2.55655959e-02      
1.27700000e+02      2.83300246e-02      
1.27899999e+02      2.63397300e-02      
1.28099998e+02      2.03890471e-02      
1.28299997e+02      1.40870745e-02      
1.28499998e+02      1.34553706e-02      
1.28699999e+02      1.95059377e-02      
1.28900000e+02      2.41187887e-02      
1.29112499e+02      1.74778763e-02      
1.29337498e+02      1.75081241e-02      
1.29562496e+02      2.39984254e-02      
1.29787495e+02      2.76134803e-02      
1.29999994e+02      7.51174498e-02      
1.30199995e+02      1.76478725e-01      
1.30399996e+02      2.56685922e-01      
1.30599997e+02      2.48857176e-01      
1.30812498e+02      8.45204325e-02      
1.31037500e+02      4.30314745e-02      
1.31262503e+02      2.64446687e-02      
1.31487505e+02      2.30622387e-02      
1.31700005e+02      2.81246242e-02      
1.31900002e+02      2.58246919e-02      
1.32099998e+02      1.83739664e-02      
1.32299995e+02      1.95776754e-02      
1.32512495e+02      1.98217578e-02      
1.32737497e+02      2.41389749e-02      
1.32962500e+02      2.89738827e-02      
1.33187502e+02      8.46584116e-02      
1.33412502e+02      4.73599795e-01      
1.33637501e+02      3.70826134e-01      
1.33862499e+02      4.30905107e-02      
1.34087498e+02      1.88764533e-02      
1.34312498e+02      1.92993052e-02      
1.34537500e+02      1.95705660e-02      
1.34762503e+02      2.10346366e-02      
1.34987505e+02      3.15152486e-02      
1.35212505e+02      3.83083722e-02      
1.35437504e+02      4.72592784e-02      
1.35662502e+02      5.25105091e-02      
1.35887501e+02      4.07904296e-02      
1.36125000e+02      3.08913380e-02      
1.36375000e+02      2.86928563e-02      
1.36625000e+02      2.64435977e-02      
1.36875000e+02      3.01268127e-02      
1.37112499e+02      3.41714009e-02      
1.37337498e+02      3.05945215e-02      
1.37562496e+02      2.69304883e-02      
1.37787495e+02      2.84869165e-02      
1.38024994e+02      3.18512332e-02      
1.38274994e+02      3.01128485e-02      
1.38524994e+02      2.98281976e-02      
1.38774994e+02      3.21091711e-02      
1.39137495e+02      1.07530187e-01      
1.39612497e+02      9.44293483e-02      
1.40087500e+02      9.36223006e-02      
1.40562502e+02      6.76464531e-02      
1.41050003e+02      4.53247788e-02      
1.41550003e+02      4.50412613e-02      
1.42050003e+02      4.51920893e-02      
1.42550003e+02      5.53585369e-02      
1.42807146e+02      4.70711820e-02      
1.42821433e+02      4.54967064e-02      
1.42835719e+02      4.53352155e-02      
1.42850006e+02      4.66292458e-02      
1.43112505e+02      5.80176274e-02      
1.43623216e+02      5.47179528e-02      
1.44133927e+02      5.21287704e-02      
1.44644638e+02      5.49117087e-02      
1.45162495e+02      5.51038206e-02      
1.45687496e+02      5.95100711e-02      
1.46212498e+02      6.47543023e-02      
1.46737499e+02      7.68309330e-02      
1.47275000e+02      1.01597313e-01      
1.47824999e+02      7.57829138e-02      
1.48374998e+02      9.24243456e-02      
1.48924997e+02      7.99801431e-02      
1.49487497e+02      7.99440338e-02      
1.50062498e+02      8.65139643e-02      
1.50637499e+02      8.79836293e-02      
1.51212500e+02      9.56592406e-02      
1.51787500e+02      9.28963574e-02      
1.52362501e+02      1.17001547e-01      
1.52937502e+02      1.32197348e-01      
1.53512503e+02      1.45198212e-01      
1.54100002e+02      1.24073446e-01      
1.54700001e+02      3.10242143e-01      
1.55299999e+02      2.04241278e-01      
1.55899998e+02      2.19762341e-01      
1.56512497e+02      1.66692413e-01      
1.57137497e+02      1.84539552e-01      
1.57762497e+02      1.67256734e-01      
1.58387497e+02      1.63389454e-01      
1.59024998e+02      1.74277934e-01      
1.59674999e+02      1.66850989e-01      
1.60325001e+02      1.85019427e-01      
1.60975002e+02      2.16461453e-01      
1.61625002e+02      2.16723547e-01      
1.62275000e+02      2.51541648e-01      
1.62924997e+02      2.60530857e-01      
1.63574995e+02      2.88609056e-01      
1.64245829e+02      3.34532495e-01      
1.64937498e+02      2.71975827e-01      
1.65629167e+02      5.75227884e-01      
1.66320837e+02      3.55029773e-01      
1.66670837e+02      3.33871593e-01      
1.66679169e+02      3.31285450e-01      
1.66687500e+02      3.31285450e-01      
1.66695831e+02      3.43090489e-01      
1.67049997e+02      4.17004892e-01      
1.67749998e+02      3.74996072e-01      
1.68449999e+02      4.30708117e-01      
1.69150000e+02      5.24758073e-01      
1.69862499e+02      6.30096613e-01      
1.70587498e+02      6.59757442e-01      
1.71312496e+02      6.57535272e-01      
1.72037495e+02      7.15297628e-01      
1.72587494e+02      7.35257219e-01      
1.72962494e+02      6.78584346e-01      
1.73337494e+02      7.02935691e-01      
1.73712494e+02      7.48579285e-01      
1.74087494e+02      8.31248579e-01      
1.74462494e+02      8.98656415e-01      
1.74837494e+02      8.77030505e-01      
1.75212494e+02      1.00425259e+00      
1.75599995e+02      1.09335679e+00      
1.75999996e+02      1.14213115e+00      
1.76399998e+02      1.08676430e+00      
1.76799999e+02      1.22190074e+00      
1.77200001e+02      1.44269825e+00      
1.77600002e+02      1.29353678e+00      
1.78000004e+02      1.47585260e+00      
1.78400005e+02      1.49974941e+00      
1.78800005e+02      1.57935148e+00      
1.79200003e+02      1.54916861e+00      
1.79600000e+02      1.46362249e+00      
1.79999998e+02      1.62770513e+00      
1.80399998e+02      1.73905718e+00      
1.80799999e+02      2.11260574e+00      
1.81200001e+02      1.76693785e+00      
1.81600002e+02      2.68403780e+00      
1.82012503e+02      2.26455152e+00      
1.82437502e+02      2.23231040e+00      
1.82862501e+02      2.07571490e+00      
1.83287500e+02      2.25247936e+00      
1.83712500e+02      2.31615240e+00      
1.84137499e+02      2.06784840e+00      
1.84562498e+02      1.95433582e+00      
1.84987497e+02      1.87492729e+00      
1.85412497e+02      2.30331681e+00      
1.85837496e+02      2.39144345e+00      
1.86262495e+02      2.44993877e+00      
1.86687494e+02      2.69698538e+00      
1.87124994e+02      3.06089591e+00      
1.87574995e+02      2.97143795e+00      
1.88024996e+02      2.86318149e+00      
1.88474997e+02      3.23611174e+00      
1.88924997e+02      3.43711269e+00      
1.89374998e+02      3.69526086e+00      
1.89824999e+02      3.34601488e+00      
1.90275000e+02      3.56461663e+00      
1.90725000e+02      3.82879594e+00      
1.91175001e+02      3.85312959e+00      
1.91625002e+02      4.14598001e+00      
1.92075003e+02      4.35904165e+00      
1.92537502e+02      4.22226282e+00      
1.93012501e+02      3.56874842e+00      
1.93487499e+02      2.96975428e+00      
1.93962498e+02      4.36245883e+00      
1.94437498e+02      5.42611065e+00      
1.94912500e+02      5.48506374e+00      
1.95387503e+02      5.20455991e+00      
1.95862505e+02      5.43503817e+00      
1.96337505e+02      5.56051699e+00      
1.96812504e+02      6.48115601e+00      
1.97287502e+02      6.05760597e+00      
1.97762501e+02      5.87252513e+00      
1.98250000e+02      6.21509742e+00      
1.98750000e+02      5.73192939e+00      
1.99250000e+02      6.42286285e+00      
1.99750000e+02      6.50489891e+00      
2.00000000e+02      6.64689127e+00      
2.00000001e+02      6.66161096e+00      
2.00000002e+02      6.66161096e+00      
2.00000003e+02      6.68638640e+00      
2.00250003e+02      6.96630061e+00      
2.00750002e+02      7.22096508e+00      
2.01250001e+02      7.56346905e+00      
2.01750000e+02      7.90048431e+00      
2.02262501e+02      7.87869795e+00      
2.02787502e+02      7.92254446e+00      
2.03312504e+02      8.66494202e+00      
2.03837505e+02      8.94831618e+00      
2.04362505e+02      9.80705768e+00      
2.04887503e+02      1.00659724e+01      
2.05412500e+02      1.01661565e+01      
2.05937498e+02      1.01189712e+01      
2.06462498e+02      1.04184074e+01      
2.06987499e+02      1.12319310e+01      
2.07512501e+02      1.22286831e+01      
2.08037502e+02      1.27414638e+01      
2.08575003e+02      1.43556664e+01      
2.09125002e+02      1.75835708e+01      
2.09675001e+02      2.14226322e+01      
2.10225000e+02      2.46303330e+01      
2.10787500e+02      2.76011573e+01      
2.11362501e+02      3.04780623e+01      
2.11937502e+02      3.58418582e+01      
2.12512503e+02      2.72907344e+01      
2.13087503e+02      2.90864806e+01      
2.13662504e+02      3.07558592e+01      
2.14237505e+02      3.88313630e+01      
2.14812506e+02      3.69505410e+01      
2.15387505e+02      3.57577749e+01      
2.15962502e+02      3.09348136e+01      
2.16537498e+02      3.02463332e+01      
2.17112495e+02      3.05904206e+01      
2.17724995e+02      3.35589464e+01      
2.18374996e+02      4.44354666e+01      
2.19024998e+02      4.07972585e+01      
2.19674999e+02      4.62555274e+01      
2.20275000e+02      4.75534871e+01      
2.20824999e+02      4.01097195e+01      
2.21374998e+02      3.57590026e+01      
2.21924997e+02      3.93311816e+01      
2.22512497e+02      4.62201357e+01      
2.23137497e+02      5.46356350e+01      
2.23762497e+02      6.19877673e+01      
2.24387497e+02      5.41720768e+01      
2.25024998e+02      5.37769884e+01      
2.25674999e+02      4.70872416e+01      
2.26325001e+02      3.86911966e+01      
2.26975002e+02      3.13508480e+01      
2.27625002e+02      3.73310288e+01      
2.28275000e+02      4.91970930e+01      
2.28924997e+02      4.56518667e+01      
2.29574995e+02      4.43890237e+01      
2.30237495e+02      4.46954260e+01      
2.30912498e+02      5.05661213e+01      
2.31587502e+02      4.69414781e+01      
2.32262505e+02      5.04634042e+01      
2.32937506e+02      4.49505875e+01      
2.33612505e+02      4.03409855e+01      
2.34287504e+02      3.51214621e+01      
2.34962503e+02      3.96293378e+01      
2.35587884e+02      5.09403578e+01      
2.36163647e+02      4.44635786e+01      
2.36739410e+02      4.35709489e+01      
2.37315172e+02      4.83127045e+01      
2.37665173e+02      4.54080493e+01      
2.37789411e+02      4.96547701e+01      
2.37913649e+02      4.30315572e+01      
2.38037887e+02      3.58102409e+01      
2.38462505e+02      3.77118836e+01      
2.39187504e+02      4.28090312e+01      
2.39912502e+02      3.76972454e+01      
2.40637501e+02      3.62916538e+01      
2.41362499e+02      4.17582398e+01      
2.42087498e+02      6.19426445e+01      
2.42812496e+02      6.56583169e+01      
2.43537495e+02      6.05571600e+01      
2.44274994e+02      6.00289603e+01      
2.45024994e+02      4.94086869e+01      
2.45774994e+02      4.58761475e+01      
2.46524994e+02      4.53297632e+01      
2.47287495e+02      5.13217817e+01      
2.48062496e+02      4.65543395e+01      
2.48837498e+02      3.96616507e+01      
2.49612499e+02      5.50369495e+01      
2.50400000e+02      5.55364563e+01      
2.51199999e+02      4.77803236e+01      
2.51999998e+02      3.81068108e+01      
2.52799997e+02      3.91668812e+01      
2.53599997e+02      4.86049725e+01      
2.54399996e+02      5.37254280e+01      
2.55199995e+02      6.60403085e+01      
2.55999994e+02      8.02133004e+01      
2.56812496e+02      1.04134251e+02      
2.57637501e+02      1.13569845e+02      
2.58462505e+02      1.15878761e+02      
2.59287510e+02      1.09180060e+02      
2.60137512e+02      8.22591229e+01      
2.61012512e+02      7.44325777e+01      
2.61887512e+02      9.23978986e+01      
2.62762512e+02      9.53402306e+01      
2.63637512e+02      1.65412146e+02      
2.64512512e+02      2.32168706e+02      
2.65387512e+02      2.31900835e+02      
2.66262512e+02      2.35514327e+02      
2.67150009e+02      2.30664740e+02      
2.68050003e+02      2.32309726e+02      
2.68949997e+02      2.23120311e+02      
2.69849991e+02      2.31985516e+02      
2.70762489e+02      2.47335049e+02      
2.71687492e+02      1.97147980e+02      
2.72612495e+02      1.88840843e+02      
2.73537498e+02      1.91745989e+02      
2.74125601e+02      1.37491014e+02      
2.74376802e+02      1.16655843e+02      
2.74628003e+02      1.25289659e+02      
2.74879204e+02      1.19845088e+02      
2.75354202e+02      1.57819486e+02      
2.76052998e+02      2.07110568e+02      
2.76751794e+02      2.34577967e+02      
2.77450590e+02      2.26855253e+02      
2.78287491e+02      1.60629631e+02      
2.79262497e+02      9.63223898e+01      
2.80237503e+02      7.59903044e+01      
2.81212509e+02      1.60257515e+02      
2.82113240e+02      2.51128440e+02      
2.82939697e+02      2.91421839e+02      
2.83766153e+02      2.88196923e+02      
2.84592609e+02      2.30784233e+02      
2.85092609e+02      1.39275344e+02      
2.85266153e+02      1.02870098e+02      
2.85439697e+02      1.13873677e+02      
2.85613240e+02      1.69735484e+02      
2.86225010e+02      2.87924677e+02      
2.87275005e+02      3.26973603e+02      
2.88325001e+02      2.85784462e+02      
2.89374996e+02      4.13330408e+02      
2.90424995e+02      5.55979095e+02      
2.91474998e+02      5.37566960e+02      
2.92525002e+02      4.76819817e+02      
2.93575005e+02      4.98348132e+02      
2.94650005e+02      4.70373885e+02      
2.95750004e+02      5.21139908e+02      
2.96850002e+02      4.34222639e+02      
2.97950001e+02      4.77309781e+02      
2.99062500e+02      4.40458125e+02      
3.00187500e+02      4.04686154e+02      
3.01312500e+02      4.29279803e+02      
3.02437500e+02      4.38147571e+02      
3.03513304e+02      5.78566144e+02      
3.04539913e+02      5.56493462e+02      
3.05566522e+02      5.47510856e+02      
3.06593131e+02      5.21949506e+02      
3.07180632e+02      5.74628850e+02      
3.07329027e+02      5.80864498e+02      
3.07477421e+02      5.89078408e+02      
3.07625815e+02      5.76749387e+02      
3.08300011e+02      5.82662072e+02      
3.09500008e+02      4.71302024e+02      
3.10700005e+02      6.23106305e+02      
3.11900002e+02      6.41730054e+02      
3.13125000e+02      6.32869610e+02      
3.14375000e+02      6.29599641e+02      
3.15625000e+02      5.73567325e+02      
3.16875000e+02      6.64843530e+02      
3.18125000e+02      6.38794459e+02      
3.19375000e+02      6.55129497e+02      
3.20625000e+02      7.29420048e+02      
3.21875000e+02      6.51670055e+02      
3.23125000e+02      5.99227721e+02      
3.24375000e+02      7.00496378e+02      
3.25625000e+02      8.36308549e+02      
3.26875000e+02      9.01237672e+02      
3.27713409e+02      8.81900097e+02      
3.28140227e+02      8.49803484e+02      
3.28567045e+02      8.47570021e+02      
3.28993862e+02      9.07860256e+02      
3.29618862e+02      1.01076040e+03      
3.30442045e+02      9.45691490e+02      
3.31265227e+02      8.96352760e+02      
3.32088409e+02      8.93393886e+02      
3.33125000e+02      8.68364510e+02      
3.34375000e+02      8.85439860e+02      
3.35625000e+02      8.50933038e+02      
3.36875000e+02      7.50798997e+02      
3.37962972e+02      8.31336197e+02      
3.38888917e+02      8.82197502e+02      
3.39814862e+02      9.30137241e+02      
3.40740807e+02      9.14395328e+02      
3.41365807e+02      8.54761931e+02      
3.41689862e+02      8.40011588e+02      
3.42013917e+02      9.31921084e+02      
3.42337972e+02      9.09725841e+02      
3.42812500e+02      9.45191843e+02      
3.43437500e+02      9.24778441e+02      
3.44062500e+02      7.42729520e+02      
3.44687500e+02      8.14410531e+02      
3.46250000e+02      8.69312056e+02      
3.48750000e+02      8.33481915e+02      
3.51250000e+02      9.35139678e+02      
3.53750000e+02      9.67210228e+02      
3.56250000e+02      8.87479612e+02      
3.58750000e+02      7.93736888e+02      
3.61250000e+02      8.75502445e+02      
3.63750000e+02      9.54049857e+02      
3.66250000e+02      1.11859901e+03      
3.68750000e+02      1.09001260e+03      
3.71250000e+02      1.06359157e+03      
3.73750000e+02      8.91179813e+02      
3.76250000e+02      1.01998606e+03      
3.78750000e+02      1.13851311e+03      
3.81250000e+02      1.00731887e+03      
3.83750000e+02      7.20229557e+02      
3.85625050e+02      9.26453338e+02      
3.86875151e+02      9.38286803e+02      
3.88125252e+02      9.25864365e+02      
3.89375353e+02      1.03872168e+03      
3.90625353e+02      1.13948589e+03      
3.91875252e+02      1.12852331e+03      
3.93125151e+02      6.62949492e+02      
3.94375050e+02      9.31290077e+02      
3.96250000e+02      8.83313791e+02      
3.98750000e+02      1.33513718e+03      
4.01250000e+02      1.56929011e+03      
4.03750000e+02      1.55247057e+03      
4.06250000e+02      1.49804624e+03      
4.08750000e+02      1.53735031e+03      
4.11250000e+02      1.54438708e+03      
4.13750000e+02      1.59593591e+03      
4.16250000e+02      1.60505582e+03      
4.18750000e+02      1.56700056e+03      
4.21250000e+02      1.60874645e+03      
4.23750000e+02      1.55231277e+03      
4.26250000e+02      1.54402296e+03      
4.28750000e+02      1.45530312e+03      
4.31250000e+02      1.32627048e+03      
4.33750000e+02      1.48367582e+03      
4.36250000e+02      1.63057760e+03      
4.38750000e+02      1.58733416e+03      
4.41250000e+02      1.71056197e+03      
4.43750000e+02      1.77320550e+03      
4.45625561e+02      1.70420297e+03      
4.46876683e+02      1.77652683e+03      
4.48127805e+02      1.83410972e+03      
4.49378927e+02      1.83585371e+03      
4.50628927e+02      1.94262026e+03      
4.51877805e+02      1.91339534e+03      
4.53126683e+02      1.73371907e+03      
4.54375561e+02      1.87254124e+03      
4.56250000e+02      1.89439797e+03      
4.58750000e+02      1.87421173e+03      
4.61250000e+02      1.88917753e+03      
4.63750000e+02      1.88286543e+03      
4.66250000e+02      1.82686342e+03      
4.68750000e+02      1.84527164e+03      
4.71250000e+02      1.81722398e+03      
4.73750000e+02      1.87615223e+03      
4.76250000e+02      1.86856151e+03      
4.78750000e+02      1.89893481e+03      
4.81250000e+02      1.89983287e+03      
4.83750000e+02      1.85515946e+03      
4.86250000e+02      1.61165832e+03      
4.88750000e+02      1.77647651e+03      
4.91250000e+02      1.78563897e+03      
4.93750000e+02      1.80124329e+03      
4.96250000e+02      1.81958629e+03      
4.98750000e+02      1.77542487e+03      
5.01250000e+02      1.68021822e+03      
5.03750000e+02      1.74597756e+03      
5.06250000e+02      1.78120447e+03      
5.08750000e+02      1.69220011e+03      
5.11250000e+02      1.75644204e+03      
5.13750000e+02      1.66256757e+03      
5.16250000e+02      1.58041072e+03      
5.18750000e+02      1.58368079e+03      
5.21250000e+02      1.69329950e+03      
5.23750000e+02      1.67265195e+03      
5.26250000e+02      1.62839941e+03      
5.28750000e+02      1.70889347e+03      
5.31250000e+02      1.73815110e+03      
5.33750000e+02      1.65167906e+03      
5.35626888e+02      1.73682166e+03      
5.36880663e+02      1.68305672e+03      
5.38134438e+02      1.71587299e+03      
5.39388214e+02      1.68386010e+03      
5.40638214e+02      1.61205326e+03      
5.41884438e+02      1.68786142e+03      
5.43130663e+02      1.65992753e+03      
5.44376888e+02      1.71064012e+03      
5.45563869e+02      1.71755650e+03      
5.46691608e+02      1.72238585e+03      
5.47819347e+02      1.68142148e+03      
5.48947086e+02      1.70050246e+03      
5.50197086e+02      1.71301524e+03      
5.51569347e+02      1.69865208e+03      
5.52941608e+02      1.67866322e+03      
5.54313869e+02      1.72117085e+03      
5.56250000e+02      1.68257450e+03      
5.58750000e+02      1.62842874e+03      
5.61250000e+02      1.64259763e+03      
5.63750000e+02      1.67742106e+03      
5.65200540e+02      1.65731768e+03      
5.65601619e+02      1.62852421e+03      
5.66002698e+02      1.55460214e+03      
5.66403777e+02      1.62517888e+03      
5.67653777e+02      1.65649217e+03      
5.69752698e+02      1.62954697e+03      
5.71851619e+02      1.63345139e+03      
5.73950540e+02      1.68191458e+03      
5.76250000e+02      1.64426180e+03      
5.78750000e+02      1.63088238e+03      
5.81250000e+02      1.65085815e+03      
5.83750000e+02      1.66002661e+03      
5.86250000e+02      1.61735844e+03      
5.88750000e+02      1.53940797e+03      
5.91250000e+02      1.61405503e+03      
5.93750000e+02      1.60676468e+03      
5.96250000e+02      1.59878844e+03      
5.98750000e+02      1.58360853e+03      
6.01250000e+02      1.55607950e+03      
6.03750000e+02      1.57689177e+03      
6.05004234e+02      1.58859713e+03      
6.05012703e+02      1.59142042e+03      
6.05021172e+02      1.59174087e+03      
6.05029640e+02      1.58283356e+03      
6.06279640e+02      1.58054207e+03      
6.08771172e+02      1.56724445e+03      
6.11262703e+02      1.55124370e+03      
6.13754234e+02      1.52182428e+03      
6.16250000e+02      1.49571723e+03      
6.18750000e+02      1.52859304e+03      
6.21250000e+02      1.52795088e+03      
6.23750000e+02      1.48692287e+03      
6.26250000e+02      1.49722138e+03      
6.28750000e+02      1.51686750e+03      
6.31250000e+02      1.47860099e+03      
6.33750000e+02      1.48430728e+03      
6.36250000e+02      1.47788947e+03      
6.38750000e+02      1.47957997e+03      
6.41250000e+02      1.44504026e+03      
6.43750000e+02      1.46210404e+03      
6.46250000e+02      1.44062376e+03      
6.48750000e+02      1.42868408e+03      
6.51250000e+02      1.44090403e+03      
6.53750000e+02      1.42064741e+03      
6.56250000e+02      1.26029055e+03      
6.58750000e+02      1.38091892e+03      
6.61250000e+02      1.40561899e+03      
6.63750000e+02      1.37928139e+03      
6.65208336e+02      1.37945116e+03      
6.65625007e+02      1.38714411e+03      
6.66041679e+02      1.38135477e+03      
6.66458351e+02      1.35309228e+03      
6.67708351e+02      1.38045458e+03      
6.69791679e+02      1.39050182e+03      
6.71875007e+02      1.38560774e+03      
6.73958336e+02      1.38750672e+03      
6.76250000e+02      1.37209481e+03      
6.78750000e+02      1.35558381e+03      
6.81250000e+02      1.34507822e+03      
6.83750000e+02      1.33807868e+03      
6.85760623e+02      1.34530132e+03      
6.87281868e+02      1.35751486e+03      
6.88803113e+02      1.33935907e+03      
6.90324358e+02      1.32979678e+03      
6.91574358e+02      1.31350710e+03      
6.92553113e+02      1.31092249e+03      
6.93531868e+02      1.31256157e+03      
6.94510623e+02      1.31501304e+03      
6.96250000e+02      1.32652857e+03      
6.98750000e+02      1.31351712e+03      
7.01250000e+02      1.29445755e+03      
7.03750000e+02      1.30539952e+03      
7.06250000e+02      1.29681207e+03      
7.08750000e+02      1.28282244e+03      
7.11250000e+02      1.26643400e+03      
7.13750000e+02      1.24877450e+03      
7.16250000e+02      1.23836384e+03      
7.18750000e+02      1.22336235e+03      
7.21250000e+02      1.22534589e+03      
7.23750000e+02      1.22337250e+03      
7.26250000e+02      1.21624219e+03      
7.28750000e+02      1.19093564e+03      
7.31250000e+02      1.20059704e+03      
7.33750000e+02      1.19949111e+03      
7.36250000e+02      1.18788789e+03      
7.38750000e+02      1.16679538e+03      
7.41250000e+02      1.15403073e+03      
7.43750000e+02      1.16839385e+03      
7.45859962e+02      1.16633543e+03      
7.47579885e+02      1.17056176e+03      
7.49299808e+02      1.15268647e+03      
7.51019731e+02      1.14885790e+03      
7.52269731e+02      1.14860302e+03      
7.53049808e+02      1.15152044e+03      
7.53829885e+02      1.15719205e+03      
7.54609962e+02      1.15160797e+03      
7.56250000e+02      1.14653592e+03      
7.58750000e+02      1.13571748e+03      
7.61250000e+02      1.11573715e+03      
7.63750000e+02      1.12558929e+03      
7.66250000e+02      1.08807489e+03      
7.68750000e+02      1.10272173e+03      
7.71250000e+02      1.09043455e+03      
7.73750000e+02      1.08856847e+03      
7.75857604e+02      1.07459157e+03      
7.77572811e+02      1.07022676e+03      
7.79288018e+02      1.06686838e+03      
7.81003225e+02      1.06294523e+03      
7.82253225e+02      1.07230774e+03      
7.83038018e+02      1.05586259e+03      
7.83822811e+02      1.04543897e+03      
7.84607604e+02      1.05887253e+03      
7.86250000e+02      1.04891500e+03      
7.88750000e+02      1.05416354e+03      
7.91250000e+02      1.04266546e+03      
7.93750000e+02      1.01302897e+03      
7.96250000e+02      1.03477305e+03      
7.98750000e+02      1.02613643e+03      
8.01250000e+02      1.02087514e+03      
8.03750000e+02      1.01314344e+03      
8.06250000e+02      1.01187929e+03      
8.08750000e+02      1.00157848e+03      
8.11250000e+02      1.00872747e+03      
8.13750000e+02      1.01018856e+03      
8.16250000e+02      9.99519344e+02      
8.18750000e+02      9.72496352e+02      
8.21250000e+02      9.63319585e+02      
8.23750000e+02      9.74696924e+02      
8.26250000e+02      9.74126671e+02      
8.28750000e+02      9.64644957e+02      
8.31250000e+02      9.60387631e+02      
8.33750000e+02      9.29856380e+02      
8.35932497e+02      9.49386149e+02      
8.37797491e+02      9.40404387e+02      
8.39662485e+02      9.35247210e+02      
8.41527480e+02      9.37486391e+02      
8.42777480e+02      9.17102516e+02      
8.43412485e+02      9.11257172e+02      
8.44047491e+02      9.05259159e+02      
8.44682497e+02      9.31921463e+02      
8.46250000e+02      9.23070510e+02      
8.48750000e+02      8.91734763e+02      
8.51250000e+02      8.69114860e+02      
8.53750000e+02      7.75239161e+02      
8.56250000e+02      8.81423520e+02      
8.58750000e+02      8.86842515e+02      
8.61250000e+02      8.92013727e+02      
8.63750000e+02      9.04001961e+02      
8.66250000e+02      8.20434358e+02      
8.68750000e+02      8.84183451e+02      
8.71250000e+02      9.01602852e+02      
8.73750000e+02      8.84297828e+02      
8.76250000e+02      8.65924868e+02      
8.78750000e+02      8.70618079e+02      
8.81250000e+02      8.49042257e+02      
8.83750000e+02      8.52630667e+02      
8.85783196e+02      8.44256921e+02      
8.87349589e+02      8.30941450e+02      
8.88915982e+02      8.48349050e+02      
8.90482375e+02      8.51098248e+02      
8.91732375e+02      8.40255741e+02      
8.92665982e+02      8.19848588e+02      
8.93599589e+02      8.35274517e+02      
8.94533196e+02      8.18691894e+02      
8.96250000e+02      8.32655719e+02      
8.98750000e+02      8.25103202e+02      
9.01250000e+02      7.85837238e+02      
9.03750000e+02      8.19895623e+02      
9.06250000e+02      8.10969375e+02      
9.08750000e+02      7.88528498e+02      
9.11250000e+02      7.91114871e+02      
9.13750000e+02      8.03071134e+02      
9.16250000e+02      7.92563713e+02      
9.18750000e+02      7.89117659e+02      
9.21250000e+02      7.67859098e+02      
9.23750000e+02      7.50939669e+02      
9.26250000e+02      7.61240558e+02      
9.28750000e+02      7.72235871e+02      
9.31250000e+02      7.69745774e+02      
9.33750000e+02      7.68190465e+02      
9.36250000e+02      7.57101217e+02      
9.38750000e+02      7.56799233e+02      
9.41250000e+02      7.28069889e+02      
9.43750000e+02      7.38492715e+02      
9.46250000e+02      7.42212848e+02      
9.48750000e+02      7.43754591e+02      
9.51250000e+02      7.35500901e+02      
9.53750000e+02      7.19546810e+02      
9.55817304e+02      7.07353474e+02      
9.57451913e+02      7.19887553e+02      
9.59086521e+02      7.27105800e+02      
9.60721130e+02      7.14641067e+02      
9.61971130e+02      7.20703295e+02      
9.62836521e+02      7.08301474e+02      
9.63701913e+02      7.08268594e+02      
9.64567304e+02      7.11503372e+02      
9.66250000e+02      7.03896983e+02      
9.68750000e+02      7.05481202e+02      
9.71250000e+02      7.03922319e+02      
9.73750000e+02      6.93434908e+02      
9.76250000e+02      6.93544425e+02      
9.78750000e+02      6.89231007e+02      
9.81250000e+02      6.89877255e+02      
9.83750000e+02      6.84422349e+02      
9.86250000e+02      6.80345223e+02      
9.88750000e+02      6.73639348e+02      
9.91250000e+02      6.72061663e+02      
9.93750000e+02      6.72365115e+02      
9.96250000e+02      6.68736496e+02      
9.98750000e+02      6.64655565e+02      
1.00125000e+03      6.62921302e+02      
1.00375000e+03      6.46460073e+02      
1.00625000e+03      6.32428762e+02      
1.00875000e+03      6.50691509e+02      
1.01125000e+03      6.47482863e+02      
1.01375000e+03      6.41707694e+02      
1.01625000e+03      6.35705435e+02      
1.01875000e+03      6.29401295e+02      
1.02125000e+03      6.27650924e+02      
1.02375000e+03      6.31688578e+02      
1.02625000e+03      6.28761437e+02      
1.02875000e+03      6.23615339e+02      
1.03125000e+03      6.20577343e+02      
1.03375000e+03      6.09706173e+02      
1.03515868e+03      6.05757347e+02      
1.03547603e+03      6.13415495e+02      
1.03579339e+03      6.14578631e+02      
1.03611075e+03      6.15082363e+02      
1.03736075e+03      6.04236095e+02      
1.03954339e+03      6.06688227e+02      
1.04172603e+03      6.05402017e+02      
1.04390868e+03      6.03128731e+02      
1.04625000e+03      5.92555231e+02      
1.04875000e+03      5.98791223e+02      
1.05125000e+03      5.94885295e+02      
1.05375000e+03      5.91374893e+02      
1.05625000e+03      5.92008914e+02      
1.05875000e+03      5.79954247e+02      
1.06125000e+03      5.78842701e+02      
1.06375000e+03      5.79652676e+02      
1.06556484e+03      5.80381646e+02      
1.06669451e+03      5.68097463e+02      
1.06782418e+03      5.76344371e+02      
1.06895385e+03      5.46414989e+02      
1.07020385e+03      5.66362423e+02      
1.07157418e+03      5.70736079e+02      
1.07294451e+03      5.59477282e+02      
1.07431484e+03      5.64888781e+02      
1.07625000e+03      5.65278689e+02      
1.07875000e+03      5.60481738e+02      
1.08125000e+03      5.53438645e+02      
1.08375000e+03      5.49878881e+02      
1.08687500e+03      5.47287241e+02      
1.09062500e+03      5.48596543e+02      
1.09437500e+03      5.23573570e+02      
1.09812500e+03      5.31010725e+02      
1.10374294e+03      5.30286250e+02      
1.11122881e+03      5.25297277e+02      
1.11871468e+03      5.16751687e+02      
1.12620055e+03      5.05265199e+02      
1.13903128e+03      4.93031707e+02      
1.15720685e+03      4.79266774e+02      
1.17538242e+03      4.63095137e+02      
1.19355799e+03      4.46732032e+02      
1.21571375e+03      4.31746848e+02      
1.24184971e+03      4.13541070e+02      
1.26798566e+03      3.97332327e+02      
1.29412161e+03      3.77680023e+02      
1.32261778e+03      3.61864517e+02      
1.35347418e+03      3.45193836e+02      
1.38433059e+03      3.29137084e+02      
1.41518699e+03      3.11826057e+02      
1.44740644e+03      2.97177109e+02      
1.48098895e+03      2.81227939e+02      
1.51457146e+03      2.65252007e+02      
1.54815397e+03      2.51722098e+02      
1.58029753e+03      2.36225739e+02      
1.61100215e+03      2.25141353e+02      
1.64170676e+03      2.12469426e+02      
1.67241138e+03      1.99893606e+02      
1.70956790e+03      1.88272045e+02      
1.75317633e+03      1.72146283e+02      
1.79678476e+03      1.58893479e+02      
1.84039319e+03      1.47207331e+02      
1.88194796e+03      1.34805723e+02      
1.92144910e+03      1.26799489e+02      
1.96095023e+03      1.16687193e+02      
2.00045136e+03      1.09304187e+02      
2.04300708e+03      1.01222827e+02      
2.08861738e+03      9.38893721e+01      
2.13422769e+03      8.71150245e+01      
2.17983800e+03      7.96799969e+01      
2.23748645e+03      7.24742385e+01      
2.30717304e+03      6.44636460e+01      
2.37685964e+03      5.70813395e+01      
2.44654623e+03      5.16339966e+01      
2.50366265e+03      4.76967002e+01      
2.54820889e+03      4.47229966e+01      
2.59275514e+03      4.21249877e+01      
2.63730139e+03      3.95938584e+01      
2.69209120e+03      3.68774726e+01      
2.75712457e+03      3.40615400e+01      
2.82215795e+03      3.13925229e+01      
2.88719133e+03      2.90201087e+01      
2.94894192e+03      2.69321663e+01      
3.00740972e+03      2.51132505e+01      
3.06587753e+03      2.34607246e+01      
3.12434533e+03      2.20534811e+01      
3.16430572e+03      2.10707894e+01      
3.18575868e+03      2.04653938e+01      
3.20721164e+03      1.99882169e+01      
3.22866461e+03      1.95334751e+01      
3.24919847e+03      1.90718404e+01      
3.26881322e+03      1.86738697e+01      
3.28842798e+03      1.82889535e+01      
3.30804273e+03      1.78800464e+01      
3.32814434e+03      1.75173874e+01      
3.34873280e+03      1.71259766e+01      
3.36932126e+03      1.67505974e+01      
3.38990971e+03      1.64032929e+01      
3.41102225e+03      1.60234652e+01      
3.43265885e+03      1.56688281e+01      
3.45429546e+03      1.53311906e+01      
3.47593206e+03      1.49776590e+01      
3.49797380e+03      1.46382042e+01      
3.52042067e+03      1.43159730e+01      
3.54286754e+03      1.39919105e+01      
3.56531441e+03      1.36595311e+01      
3.58902943e+03      1.33432241e+01      
3.61401260e+03      1.30195042e+01      
3.63899577e+03      1.27014603e+01      
3.66397893e+03      1.23907060e+01      
3.68950149e+03      1.20725448e+01      
3.71556345e+03      1.17714681e+01      
3.74162540e+03      1.14777456e+01      
3.76768735e+03      1.11591849e+01      
3.80933142e+03      1.07114303e+01      
3.86655760e+03      1.01883867e+01      
3.92378378e+03      9.65714510e+00      
3.98100996e+03      9.17954466e+00      
4.02990538e+03      8.77504972e+00      
4.07047004e+03      8.44007340e+00      
4.11103469e+03      8.14376974e+00      
4.15159935e+03      7.80790475e+00      
4.21857828e+03      7.36488124e+00      
4.31197149e+03      6.83360877e+00      
4.40536469e+03      6.31537315e+00      
4.49875790e+03      5.84952323e+00      
4.58702880e+03      5.44368252e+00      
4.67017740e+03      5.08748312e+00      
4.75332600e+03      4.76597206e+00      
4.83647460e+03      4.47497249e+00      
4.90931845e+03      4.23460020e+00      
4.97185755e+03      4.02915453e+00      
5.03439665e+03      3.84752174e+00      
5.09693575e+03      3.67122266e+00      
5.16285533e+03      3.49861465e+00      
5.23215538e+03      3.33108885e+00      
5.30145544e+03      3.17058846e+00      
5.37075549e+03      3.01789139e+00      
5.44401556e+03      2.86946055e+00      
5.52123564e+03      2.72153873e+00      
5.59845573e+03      2.58374504e+00      
5.67567581e+03      2.45271264e+00      
5.75757587e+03      2.32373738e+00      
5.84415591e+03      2.19814730e+00      
5.93073595e+03      2.07949869e+00      
6.01731598e+03      1.96680603e+00      
6.10948187e+03      1.85693142e+00      
6.20723361e+03      1.75000105e+00      
6.30498534e+03      1.64968546e+00      
6.40273708e+03      1.55486042e+00      
6.50723028e+03      1.46235165e+00      
6.61846495e+03      1.37212356e+00      
6.72969961e+03      1.28841060e+00      
6.84093428e+03      1.20846751e+00      
6.96040857e+03      1.13174580e+00      
7.08812249e+03      1.05725597e+00      
7.21583641e+03      9.87549069e-01      
7.34355032e+03      9.24361986e-01      
7.46187353e+03      8.69726675e-01      
7.57080603e+03      8.21878774e-01      
7.67973852e+03      7.78253953e-01      
7.78867102e+03      7.36729973e-01      
7.90441173e+03      6.96127623e-01      
8.02696067e+03      6.56699342e-01      
8.14950961e+03      6.19658323e-01      
8.27205855e+03      5.83339409e-01      
8.41982520e+03      5.45161335e-01      
8.59280956e+03      5.05756689e-01      
8.76579392e+03      4.68126073e-01      
8.93877828e+03      4.36231971e-01      
9.07082057e+03      4.12134032e-01      
9.16192079e+03      3.94784827e-01      
9.25302100e+03      3.79926180e-01      
9.34412122e+03      3.64769200e-01      
9.46596241e+03      3.47016373e-01      
9.61854458e+03      3.27249880e-01      
9.77112675e+03      3.07970192e-01      
9.92370892e+03      2.89977015e-01      
1.00797873e+04      2.72873198e-01      
1.02393618e+04      2.56866002e-01      
1.03989363e+04      2.41953518e-01      
1.05585108e+04      2.27718426e-01      
1.07370822e+04      2.13358960e-01      
1.09346507e+04      1.99158130e-01      
1.11322191e+04      1.85814434e-01      
1.13297875e+04      1.72956888e-01      
1.15625002e+04      1.59849237e-01      
1.18303573e+04      1.46676148e-01      
1.20982144e+04      1.34414781e-01      
1.23660715e+04      1.23057716e-01      
1.26736112e+04      1.11848370e-01      
1.30208335e+04      1.00949475e-01      
1.33680558e+04      9.11076711e-02      
1.37152781e+04      8.26127686e-02      
1.40268412e+04      7.56829488e-02      
1.43027449e+04      6.99363727e-02      
1.45786486e+04      6.49061187e-02      
1.48545523e+04      6.02606089e-02      
1.51443729e+04      5.58775111e-02      
1.54481106e+04      5.17528103e-02      
1.57518482e+04      4.79287960e-02      
1.60555859e+04      4.41714782e-02      
1.64751008e+04      3.99434442e-02      
1.70103929e+04      3.54738941e-02      
1.75456851e+04      3.14133643e-02      
1.80809772e+04      2.79703763e-02      
1.85802979e+04      2.51246482e-02      
1.90436473e+04      2.27565652e-02      
1.95069966e+04      2.07104298e-02      
1.99703460e+04      1.87977682e-02      
2.05176771e+04      1.69057870e-02      
2.11489899e+04      1.50660059e-02      
2.17803028e+04      1.34174297e-02      
2.24116156e+04      1.19176359e-02      
2.31758368e+04      1.04476682e-02      
2.40729663e+04      9.04434501e-03      
2.49700959e+04      7.82644275e-03      
2.58672254e+04      6.79533575e-03      
2.68141952e+04      5.89657117e-03      
2.78110051e+04      5.11192247e-03      
2.88078151e+04      4.44810519e-03      
2.98046250e+04      3.86478405e-03      
3.09794371e+04      3.31829400e-03      
3.23322513e+04      2.81785336e-03      
3.36850655e+04      2.39509359e-03      
3.50378797e+04      2.01898321e-03      
3.69318190e+04      1.64145945e-03      
3.93668833e+04      1.29339986e-03      
4.18019476e+04      1.01868065e-03      
4.42370119e+04      7.97812207e-04      
4.75852261e+04      5.98868864e-04      
5.18465900e+04      4.34235906e-04      
5.61079540e+04      3.16929178e-04      
6.03693180e+04      2.27602046e-04      
6.71875000e+04      1.50028169e-04      
7.65625000e+04      9.26611298e-05      
8.59375000e+04      5.83306139e-05      
9.53125000e+04      4.03457811e-05      
1.00000000e+05      1.78038001e-05      
