Wavelength(nm)      SolarFlux(mW/m^2/nm)
1.00000000e+00      7.46233856e-04      
1.37500000e+00      5.96965182e-04      
2.12500000e+00      5.73386645e-03      
2.87500000e+00      7.34004703e-03      
3.62500000e+00      5.41550692e-03      
4.12500000e+00      6.80050411e-03      
4.37500000e+00      7.49300270e-03      
4.62500000e+00      7.49300270e-03      
4.87500000e+00      7.49300270e-03      
5.12500000e+00      1.28789406e-02      
5.37500000e+00      1.28789406e-02      
5.62500000e+00      1.28789406e-02      
5.87500000e+00      1.28789406e-02      
6.12500000e+00      1.14552482e-02      
6.37500000e+00      1.14552482e-02      
6.62500000e+00      1.14552482e-02      
6.87500000e+00      1.14552482e-02      
7.12500000e+00      1.20247252e-02      
7.37500000e+00      1.20247252e-02      
7.62500000e+00      1.20247252e-02      
7.87500000e+00      1.20247252e-02      
8.12500000e+00      7.32763535e-03      
8.37500000e+00      7.32763535e-03      
8.62500000e+00      7.32763535e-03      
8.87500000e+00      7.32763535e-03      
9.12500000e+00      8.22346643e-03      
9.37500000e+00      8.22346643e-03      
9.62500000e+00      8.22346643e-03      
9.87500000e+00      8.22346643e-03      
1.01250000e+01      2.85614602e-03      
1.03750000e+01      2.85614602e-03      
1.06250000e+01      2.85614602e-03      
1.08750000e+01      2.85614602e-03      
1.11250000e+01      2.04683164e-03      
1.13750000e+01      2.04683164e-03      
1.16250000e+01      2.04683164e-03      
1.18750000e+01      2.04683164e-03      
1.21000000e+01      1.32738376e-03      
1.23000001e+01      1.28241832e-03      
1.25000001e+01      1.28241832e-03      
1.27000002e+01      1.28241832e-03      
1.31125002e+01      1.24563189e-03      
1.37375002e+01      1.45304321e-03      
1.43625002e+01      3.93158137e-03      
1.49875002e+01      4.31197794e-03      
1.55875002e+01      4.74199090e-03      
1.61625003e+01      6.07731037e-03      
1.67375003e+01      7.41064130e-03      
1.73125004e+01      2.85833631e-02      
1.79625003e+01      2.18169348e-02      
1.86875002e+01      1.42992344e-02      
1.94125001e+01      1.46968863e-02      
2.01375000e+01      9.53730398e-03      
2.08250000e+01      6.76197585e-03      
2.14750001e+01      5.50640421e-03      
2.21250002e+01      7.04778367e-03      
2.27750003e+01      6.77788808e-03      
2.35875003e+01      4.37269817e-03      
2.45625002e+01      1.00762335e-02      
2.55375001e+01      1.58344071e-02      
2.65125000e+01      5.37608159e-03      
2.71250000e+01      7.73906196e-03      
2.73750000e+01      9.45222250e-03      
2.76250000e+01      9.45222250e-03      
2.78750000e+01      9.87473060e-03      
2.82500000e+01      1.15647630e-02      
2.87500000e+01      1.15647630e-02      
2.92500000e+01      3.30844215e-03      
2.97500000e+01      3.30844215e-03      
3.02500000e+01      7.01989876e-02      
3.07500000e+01      7.01989876e-02      
3.12500000e+01      1.36345928e-02      
3.17500000e+01      1.36345928e-02      
3.22500000e+01      1.89351091e-02      
3.27500000e+01      1.89351091e-02      
3.32500000e+01      1.85956133e-02      
3.37500000e+01      1.85956133e-02      
3.42500000e+01      7.95077457e-03      
3.47500000e+01      7.95077457e-03      
3.52500000e+01      6.84029449e-03      
3.57500000e+01      6.84029449e-03      
3.61250000e+01      8.78440124e-03      
3.63750000e+01      9.27042793e-03      
3.66250000e+01      9.27042793e-03      
3.68750000e+01      6.68989416e-03      
3.73750000e+01      1.52882663e-03      
3.81250000e+01      9.46645942e-04      
3.88750000e+01      6.54241423e-04      
3.96250000e+01      6.51613068e-04      
4.03750000e+01      1.09284820e-03      
4.11250000e+01      1.79381594e-03      
4.18750000e+01      1.60632660e-03      
4.26250000e+01      5.30380183e-04      
4.33750000e+01      1.23642211e-03      
4.41250000e+01      7.35574415e-04      
4.48750000e+01      5.04388670e-04      
4.56250000e+01      5.42864870e-04      
4.62500000e+01      1.80476742e-03      
4.67500000e+01      1.96250524e-03      
4.72500000e+01      7.79307326e-04      
4.77500000e+01      7.79307326e-04      
4.82500000e+01      1.29775040e-03      
4.87500000e+01      1.29775040e-03      
4.92500000e+01      4.62042947e-03      
4.97500000e+01      4.62042947e-03      
5.02500000e+01      1.88255943e-03      
5.07500000e+01      1.88255943e-03      
5.12500000e+01      6.45151694e-04      
5.17500000e+01      6.45151694e-04      
5.22500000e+01      1.13676364e-03      
5.27500000e+01      1.13676364e-03      
5.32500000e+01      8.37788230e-04      
5.37500000e+01      8.37788230e-04      
5.42500000e+01      5.40017485e-04      
5.47500000e+01      5.40017485e-04      
5.52500000e+01      2.41808681e-03      
5.57500000e+01      2.41808681e-03      
5.62500000e+01      7.37253642e-04      
5.67500000e+01      7.37253642e-04      
5.72500000e+01      7.34515772e-04      
5.77500000e+01      7.34515772e-04      
5.82500000e+01      4.16046730e-03      
5.87500000e+01      4.16046730e-03      
5.92500000e+01      8.68233345e-04      
5.97500000e+01      8.68233345e-04      
6.02500000e+01      3.57127767e-03      
6.07500000e+01      3.57127767e-03      
6.12500000e+01      1.08594877e-03      
6.17500000e+01      1.08594877e-03      
6.21250000e+01      3.98975563e-03      
6.23750000e+01      4.71570734e-03      
6.26250000e+01      4.71570734e-03      
6.28750000e+01      2.95470934e-03      
6.36250000e+01      9.63374328e-04      
6.48750000e+01      2.49452814e-04      
6.61250000e+01      2.00433989e-04      
6.73750000e+01      1.94498287e-04      
6.83750000e+01      6.06273940e-04      
6.91250000e+01      5.58561991e-04      
6.98750000e+01      7.69524004e-04      
7.06250000e+01      1.30760673e-03      
7.13750000e+01      5.72871925e-04      
7.21250000e+01      4.79273275e-04      
7.28750000e+01      4.76133851e-04      
7.36250000e+01      5.63453653e-04      
7.43750000e+01      6.94323840e-04      
7.51250000e+01      9.36205531e-04      
7.58750000e+01      1.59292929e-03      
7.66250000e+01      2.66449512e-03      
7.71250000e+01      2.52504627e-03      
7.73750000e+01      2.45532184e-03      
7.76250000e+01      2.45532184e-03      
7.78750000e+01      2.45532184e-03      
7.81250000e+01      3.42124239e-03      
7.83750000e+01      3.42124239e-03      
7.86250000e+01      3.42124239e-03      
7.88750000e+01      3.42124239e-03      
7.91250000e+01      1.59891610e-03      
7.93750000e+01      1.59891610e-03      
7.96250000e+01      1.59891610e-03      
7.98750000e+01      1.61789866e-03      
8.03750000e+01      1.65586380e-03      
8.11250000e+01      1.80626412e-03      
8.18750000e+01      2.18116979e-03      
8.26250000e+01      2.78058080e-03      
8.30749998e+01      3.74814254e-03      
8.32249994e+01      4.71570734e-03      
8.33749990e+01      4.71570734e-03      
8.35249987e+01      4.71570734e-03      
8.38999987e+01      4.19767742e-03      
8.44999990e+01      3.45300168e-03      
8.50999994e+01      3.71437659e-03      
8.56999998e+01      3.84506467e-03      
8.60625000e+01      3.96356526e-03      
8.61875000e+01      4.07614090e-03      
8.63125000e+01      4.07614090e-03      
8.64375000e+01      4.07614090e-03      
8.65625000e+01      4.07614090e-03      
8.66875000e+01      4.07614090e-03      
8.68125000e+01      4.07614090e-03      
8.69375000e+01      4.07614090e-03      
8.70625000e+01      4.85150570e-03      
8.71875000e+01      4.85150570e-03      
8.73125000e+01      4.85150570e-03      
8.74375000e+01      4.85150570e-03      
8.75625000e+01      4.85150570e-03      
8.76875000e+01      4.85150570e-03      
8.78125000e+01      4.85150570e-03      
8.79375000e+01      4.85150570e-03      
8.80625000e+01      5.54473439e-03      
8.81875000e+01      5.54473439e-03      
8.83125000e+01      5.54473439e-03      
8.84375000e+01      5.54473439e-03      
8.85625000e+01      5.54473439e-03      
8.86875000e+01      5.54473439e-03      
8.88125000e+01      5.54473439e-03      
8.89375000e+01      5.54473439e-03      
8.90625000e+01      6.74392146e-03      
8.91875000e+01      6.74392146e-03      
8.93125000e+01      6.74392146e-03      
8.94375000e+01      6.74392146e-03      
8.95625000e+01      6.74392146e-03      
8.96875000e+01      6.74392146e-03      
8.98125000e+01      6.74392146e-03      
8.99375000e+01      6.74392146e-03      
9.00625000e+01      7.94201339e-03      
9.01875000e+01      7.94201339e-03      
9.03125000e+01      7.94201339e-03      
9.04375000e+01      7.94201339e-03      
9.05749998e+01      7.94201339e-03      
9.07249994e+01      7.94201339e-03      
9.08749990e+01      7.94201339e-03      
9.10249987e+01      6.75100667e-03      
9.11499987e+01      6.07040543e-03      
9.12499990e+01      6.07040543e-03      
9.13499994e+01      6.07040543e-03      
9.14499998e+01      6.07040543e-03      
9.15625000e+01      6.07040543e-03      
9.16875000e+01      6.07040543e-03      
9.18125000e+01      6.07040543e-03      
9.19375000e+01      6.07040543e-03      
9.20375004e+01      2.72487255e-03      
9.21125011e+01      2.16729792e-03      
9.21875019e+01      2.16729792e-03      
9.22625027e+01      2.16729792e-03      
9.23500023e+01      2.16729792e-03      
9.24500008e+01      2.16729792e-03      
9.25499992e+01      2.16729792e-03      
9.26499977e+01      2.16729792e-03      
9.27374973e+01      2.16729792e-03      
9.28124981e+01      2.16729792e-03      
9.28874989e+01      2.16729792e-03      
9.29624996e+01      2.16729792e-03      
9.30375004e+01      1.89679636e-03      
9.31125011e+01      1.89679636e-03      
9.31875019e+01      1.89679636e-03      
9.32625027e+01      1.89679636e-03      
9.33625031e+01      1.89679636e-03      
9.34875031e+01      1.89679636e-03      
9.36125031e+01      1.89679636e-03      
9.37375031e+01      1.89679636e-03      
9.38500023e+01      1.89679636e-03      
9.39500008e+01      1.89679636e-03      
9.40499992e+01      1.35250780e-03      
9.41499977e+01      1.35250780e-03      
9.42749977e+01      1.35250780e-03      
9.44249992e+01      1.35250780e-03      
9.45750008e+01      1.35250780e-03      
9.47250023e+01      1.35250780e-03      
9.48375025e+01      1.35250780e-03      
9.49125013e+01      1.35250780e-03      
9.49875002e+01      1.16111243e-03      
9.50624990e+01      7.78321693e-04      
9.51374989e+01      7.78321693e-04      
9.52124996e+01      7.78321693e-04      
9.52875004e+01      7.78321693e-04      
9.53625011e+01      7.78321693e-04      
9.54250011e+01      7.78321693e-04      
9.54750004e+01      7.78321693e-04      
9.55249996e+01      7.78321693e-04      
9.55749989e+01      7.78321693e-04      
9.56124983e+01      7.78321693e-04      
9.56374979e+01      7.78321693e-04      
9.56624975e+01      7.78321693e-04      
9.56874971e+01      7.78321693e-04      
9.57499971e+01      7.78321693e-04      
9.58499975e+01      7.78321693e-04      
9.59499979e+01      7.78321693e-04      
9.60499983e+01      8.09313825e-04      
9.61624985e+01      8.09314381e-04      
9.62874985e+01      8.09314381e-04      
9.64124985e+01      8.09314381e-04      
9.65374985e+01      8.09314381e-04      
9.66124983e+01      8.09314381e-04      
9.66374979e+01      8.09314381e-04      
9.66624975e+01      8.09314381e-04      
9.66874971e+01      8.09314381e-04      
9.67499971e+01      8.09314381e-04      
9.68499975e+01      8.09314381e-04      
9.69499979e+01      8.09314381e-04      
9.70499983e+01      1.45323524e-02      
9.71499987e+01      1.45326141e-02      
9.72499990e+01      1.45326141e-02      
9.73499994e+01      1.45326141e-02      
9.74499998e+01      1.45326141e-02      
9.75625000e+01      1.45326141e-02      
9.76875000e+01      1.45326141e-02      
9.78125000e+01      1.45326141e-02      
9.79375000e+01      1.45326141e-02      
9.80625000e+01      1.64819776e-03      
9.81875000e+01      1.64819776e-03      
9.83125000e+01      1.64819776e-03      
9.84375000e+01      1.64819776e-03      
9.85124998e+01      1.64819776e-03      
9.85374994e+01      1.64819776e-03      
9.85624990e+01      1.64819776e-03      
9.85874987e+01      1.64819776e-03      
9.86249990e+01      1.64819776e-03      
9.86750002e+01      1.64819776e-03      
9.87250013e+01      1.64819776e-03      
9.87750025e+01      1.64819776e-03      
9.88375025e+01      1.64819776e-03      
9.89125013e+01      1.64819776e-03      
9.89875002e+01      1.94644307e-03      
9.90624990e+01      2.54293369e-03      
9.91249990e+01      2.54293369e-03      
9.91750002e+01      2.54293369e-03      
9.92250013e+01      2.54293369e-03      
9.92750025e+01      2.54293369e-03      
9.93875029e+01      2.54293369e-03      
9.95625025e+01      2.54293369e-03      
9.97375021e+01      2.54293369e-03      
9.99125017e+01      1.97140817e-03      
1.00300001e+02      1.03009622e-03      
1.00900002e+02      1.08353985e-03      
1.01500002e+02      1.19042589e-03      
1.02100002e+02      6.95343330e-03      
1.02475001e+02      1.09624316e-02      
1.02625001e+02      1.09624316e-02      
1.02775001e+02      1.09624316e-02      
1.02925000e+02      1.09624316e-02      
1.03062500e+02      1.12961912e-02      
1.03187500e+02      1.13128790e-02      
1.03312500e+02      1.13128790e-02      
1.03437500e+02      1.13128790e-02      
1.03625000e+02      1.13128790e-02      
1.03875000e+02      1.13128790e-02      
1.04125000e+02      1.64272202e-03      
1.04375000e+02      1.64272202e-03      
1.04650000e+02      1.64272202e-03      
1.04949999e+02      1.55876174e-03      
1.05249998e+02      1.39083798e-03      
1.05549997e+02      1.39083798e-03      
1.05862497e+02      1.38559893e-03      
1.06187498e+02      1.32403395e-03      
1.06512499e+02      1.32403395e-03      
1.06837500e+02      1.32403395e-03      
1.07125000e+02      1.39942083e-03      
1.07375000e+02      1.40507490e-03      
1.07625000e+02      1.40507490e-03      
1.07875000e+02      1.40507490e-03      
1.08125000e+02      2.35675852e-03      
1.08375000e+02      2.35675852e-03      
1.08625000e+02      2.35675852e-03      
1.08875000e+02      2.35675852e-03      
1.09125000e+02      1.58577432e-03      
1.09375000e+02      1.58577432e-03      
1.09625000e+02      1.58577432e-03      
1.09875000e+02      1.58577432e-03      
1.10125000e+02      1.69090853e-03      
1.10375000e+02      1.69090853e-03      
1.10625000e+02      1.69090853e-03      
1.10875000e+02      1.69090853e-03      
1.11013889e+02      1.63870618e-03      
1.11041667e+02      1.53430237e-03      
1.11069445e+02      1.53430237e-03      
1.11097223e+02      1.53430237e-03      
1.11222223e+02      1.53430237e-03      
1.11444445e+02      1.53430237e-03      
1.11666667e+02      1.53430237e-03      
1.11888889e+02      1.53914761e-03      
1.12125000e+02      1.69419398e-03      
1.12375000e+02      1.69419398e-03      
1.12625000e+02      1.69419398e-03      
1.12875000e+02      1.69419398e-03      
1.13125000e+02      1.30541643e-03      
1.13375000e+02      1.30541643e-03      
1.13625000e+02      1.30541643e-03      
1.13875000e+02      1.30541643e-03      
1.14125000e+02      8.83236872e-04      
1.14375000e+02      8.83236872e-04      
1.14625000e+02      8.83236872e-04      
1.14875000e+02      8.83236872e-04      
1.15087500e+02      1.39611869e-03      
1.15262499e+02      1.45107112e-03      
1.15437498e+02      1.45107112e-03      
1.15612497e+02      1.45107112e-03      
1.15774998e+02      1.45107112e-03      
1.15924999e+02      1.45107112e-03      
1.16075001e+02      1.64053172e-03      
1.16225002e+02      1.64053172e-03      
1.16387503e+02      1.64053172e-03      
1.16562502e+02      1.64053172e-03      
1.16737501e+02      1.64053172e-03      
1.16912500e+02      1.64053172e-03      
1.17075000e+02      6.85519115e-03      
1.17224999e+02      7.07246587e-03      
1.17374999e+02      7.07246587e-03      
1.17524999e+02      7.07246587e-03      
1.17687499e+02      7.07246587e-03      
1.17862500e+02      7.07246587e-03      
1.18037501e+02      3.33954309e-03      
1.18212502e+02      1.84641955e-03      
1.18387503e+02      1.84641955e-03      
1.18562502e+02      1.84641955e-03      
1.18737501e+02      1.84641955e-03      
1.18912500e+02      1.99619994e-03      
1.19100000e+02      6.18977657e-03      
1.19300001e+02      6.18977657e-03      
1.19500002e+02      6.18977657e-03      
1.19700003e+02      6.03165242e-03      
1.19887503e+02      6.73766406e-03      
1.20062502e+02      6.73499462e-03      
1.20237501e+02      6.08043039e-03      
1.20412500e+02      1.78794249e-02      
1.20587500e+02      4.50371590e-02      
1.20762499e+02      3.31816252e-02      
1.20937498e+02      1.20948877e-02      
1.21112497e+02      2.46136881e-02      
1.21299997e+02      6.18411841e-01      
1.21499998e+02      2.55195536e+00      
1.21699999e+02      1.68599339e+00      
1.21900000e+02      1.73979453e-01      
1.22087500e+02      1.66407824e-02      
1.22262499e+02      7.79841848e-03      
1.22437498e+02      5.60654505e-03      
1.22612497e+02      4.72413600e-03      
1.22799997e+02      4.40020380e-03      
1.22999998e+02      3.83918432e-03      
1.23199999e+02      3.40481649e-03      
1.23400000e+02      3.28113438e-03      
1.23587500e+02      3.75710886e-03      
1.23762499e+02      6.74890724e-03      
1.23937498e+02      7.20327669e-03      
1.24112497e+02      5.39553963e-03      
1.24299997e+02      5.12559222e-03      
1.24499998e+02      3.10886712e-03      
1.24699999e+02      2.54704073e-03      
1.24900000e+02      2.54115400e-03      
1.25100000e+02      2.63040916e-03      
1.25300001e+02      3.13130547e-03      
1.25500002e+02      3.37456083e-03      
1.25700003e+02      3.71092366e-03      
1.25900002e+02      5.75242555e-03      
1.26100001e+02      5.48599188e-03      
1.26300000e+02      5.43453510e-03      
1.26499999e+02      8.77706951e-03      
1.26699999e+02      4.49012994e-03      
1.26900000e+02      2.04313697e-03      
1.27100000e+02      1.91541383e-03      
1.27300001e+02      2.17592567e-03      
1.27500001e+02      3.11939537e-03      
1.27700000e+02      3.45669813e-03      
1.27899999e+02      3.21385162e-03      
1.28099998e+02      2.48777690e-03      
1.28299997e+02      1.71883946e-03      
1.28499998e+02      1.64176188e-03      
1.28699999e+02      2.38002400e-03      
1.28900000e+02      2.94286267e-03      
1.29112499e+02      2.13256936e-03      
1.29337498e+02      2.13626005e-03      
1.29562496e+02      2.92817650e-03      
1.29787495e+02      3.36926873e-03      
1.29999994e+02      9.16548263e-03      
1.30199995e+02      2.15331151e-02      
1.30399996e+02      3.13196250e-02      
1.30599997e+02      3.03643977e-02      
1.30812498e+02      1.03127909e-02      
1.31037500e+02      5.25050082e-03      
1.31262503e+02      3.22665576e-03      
1.31487505e+02      2.81394734e-03      
1.31700005e+02      3.43163612e-03      
1.31900002e+02      3.15100906e-03      
1.32099998e+02      2.24190611e-03      
1.32299995e+02      2.38877710e-03      
1.32512495e+02      2.41855890e-03      
1.32737497e+02      2.94532569e-03      
1.32962500e+02      3.53525871e-03      
1.33187502e+02      1.03296265e-02      
1.33412502e+02      5.77864492e-02      
1.33637501e+02      4.52464839e-02      
1.33862499e+02      5.25770415e-03      
1.34087498e+02      2.30321723e-03      
1.34312498e+02      2.35481166e-03      
1.34537500e+02      2.38790965e-03      
1.34762503e+02      2.56654875e-03      
1.34987505e+02      3.84534438e-03      
1.35212505e+02      4.67420980e-03      
1.35437504e+02      5.76635783e-03      
1.35662502e+02      6.40708864e-03      
1.35887501e+02      4.97705893e-03      
1.36125000e+02      3.76921771e-03      
1.36375000e+02      3.50096917e-03      
1.36625000e+02      3.22652508e-03      
1.36875000e+02      3.67593388e-03      
1.37112499e+02      4.16943575e-03      
1.37337498e+02      3.73300153e-03      
1.37562496e+02      3.28593320e-03      
1.37787495e+02      3.47584136e-03      
1.38024994e+02      3.88633967e-03      
1.38274994e+02      3.67423003e-03      
1.38524994e+02      3.63949825e-03      
1.38774994e+02      3.91781205e-03      
1.39137495e+02      1.31203344e-02      
1.39612497e+02      1.15218309e-02      
1.40087500e+02      1.14233586e-02      
1.40562502e+02      8.25390628e-03      
1.41050003e+02      5.53031917e-03      
1.41550003e+02      5.49572568e-03      
1.42050003e+02      5.51412902e-03      
1.42550003e+02      6.75459177e-03      
1.42807146e+02      5.74340718e-03      
1.42821433e+02      5.55129698e-03      
1.42835719e+02      5.53159261e-03      
1.42850006e+02      5.68948418e-03      
1.43112505e+02      7.07904166e-03      
1.43623216e+02      6.67643067e-03      
1.44133927e+02      6.36051065e-03      
1.44644638e+02      6.70007186e-03      
1.45162495e+02      6.72351247e-03      
1.45687496e+02      7.26114270e-03      
1.46212498e+02      7.90101946e-03      
1.46737499e+02      9.37455389e-03      
1.47275000e+02      1.23964327e-02      
1.47824999e+02      9.24667946e-03      
1.48374998e+02      1.12771897e-02      
1.48924997e+02      9.75880589e-03      
1.49487497e+02      9.75440001e-03      
1.50062498e+02      1.05560324e-02      
1.50637499e+02      1.07353541e-02      
1.51212500e+02      1.16718966e-02      
1.51787500e+02      1.13347824e-02      
1.52362501e+02      1.42759858e-02      
1.52937502e+02      1.61301069e-02      
1.53512503e+02      1.77164120e-02      
1.54100002e+02      1.51388661e-02      
1.54700001e+02      3.78543065e-02      
1.55299999e+02      2.49205729e-02      
1.55899998e+02      2.68143809e-02      
1.56512497e+02      2.03390346e-02      
1.57137497e+02      2.25166598e-02      
1.57762497e+02      2.04078904e-02      
1.58387497e+02      1.99360229e-02      
1.59024998e+02      2.12645848e-02      
1.59674999e+02      2.03583834e-02      
1.60325001e+02      2.25752119e-02      
1.60975002e+02      2.64116220e-02      
1.61625002e+02      2.64436014e-02      
1.62275000e+02      3.06919445e-02      
1.62924997e+02      3.17887661e-02      
1.63574995e+02      3.52147377e-02      
1.64245829e+02      4.08181026e-02      
1.64937498e+02      3.31852282e-02      
1.65629167e+02      7.01866369e-02      
1.66320837e+02      4.33190853e-02      
1.66670837e+02      4.07374624e-02      
1.66679169e+02      4.04219132e-02      
1.66687500e+02      4.04219132e-02      
1.66695831e+02      4.18623093e-02      
1.67049997e+02      5.08810018e-02      
1.67749998e+02      4.57552804e-02      
1.68449999e+02      5.25530057e-02      
1.69150000e+02      6.40285448e-02      
1.69862499e+02      7.68814646e-02      
1.70587498e+02      8.05005414e-02      
1.71312496e+02      8.02294024e-02      
1.72037495e+02      8.72772971e-02      
1.72587494e+02      8.97126738e-02      
1.72962494e+02      8.27977128e-02      
1.73337494e+02      8.57689509e-02      
1.73712494e+02      9.13381704e-02      
1.74087494e+02      1.01425094e-01      
1.74462494e+02      1.09649885e-01      
1.74837494e+02      1.07011192e-01      
1.75212494e+02      1.22534241e-01      
1.75599995e+02      1.33406321e-01      
1.75999996e+02      1.39357543e-01      
1.76399998e+02      1.32601936e-01      
1.76799999e+02      1.49090658e-01      
1.77200001e+02      1.76031345e-01      
1.77600002e+02      1.57831355e-01      
1.78000004e+02      1.80076685e-01      
1.78400005e+02      1.82992463e-01      
1.78800005e+02      1.92705139e-01      
1.79200003e+02      1.89022365e-01      
1.79600000e+02      1.78584424e-01      
1.79999998e+02      1.98605026e-01      
1.80399998e+02      2.12191687e-01      
1.80799999e+02      2.57770348e-01      
1.81200001e+02      2.15593557e-01      
1.81600002e+02      3.27493836e-01      
1.82012503e+02      2.76310067e-01      
1.82437502e+02      2.72376156e-01      
1.82862501e+02      2.53269100e-01      
1.83287500e+02      2.74837079e-01      
1.83712500e+02      2.82606167e-01      
1.84137499e+02      2.52309266e-01      
1.84562498e+02      2.38458987e-01      
1.84987497e+02      2.28769927e-01      
1.85412497e+02      2.81040028e-01      
1.85837496e+02      2.91792832e-01      
1.86262495e+02      2.98930159e-01      
1.86687494e+02      3.29073640e-01      
1.87124994e+02      3.73476314e-01      
1.87574995e+02      3.62561069e-01      
1.88024996e+02      3.49352118e-01      
1.88474997e+02      3.94855337e-01      
1.88924997e+02      4.19380540e-01      
1.89374998e+02      4.50878581e-01      
1.89824999e+02      4.08265208e-01      
1.90275000e+02      4.34937978e-01      
1.90725000e+02      4.67171913e-01      
1.91175001e+02      4.70140991e-01      
1.91625002e+02      5.05873240e-01      
1.92075003e+02      5.31870033e-01      
1.92537502e+02      5.15180915e-01      
1.93012501e+02      4.35442121e-01      
1.93487499e+02      3.62355635e-01      
1.93962498e+02      5.32286982e-01      
1.94437498e+02      6.62068840e-01      
1.94912500e+02      6.69262023e-01      
1.95387503e+02      6.35036248e-01      
1.95862505e+02      6.63158135e-01      
1.96337505e+02      6.78468478e-01      
1.96812504e+02      7.90800579e-01      
1.97287502e+02      7.39120969e-01      
1.97762501e+02      7.16538264e-01      
1.98250000e+02      7.58337345e-01      
1.98750000e+02      6.99383424e-01      
1.99250000e+02      7.83687918e-01      
1.99750000e+02      7.93697578e-01      
2.00000000e+02      8.11022827e-01      
2.00000001e+02      8.12818855e-01      
2.00000002e+02      8.12818855e-01      
2.00000003e+02      8.15841838e-01      
2.00250003e+02      8.49995672e-01      
2.00750002e+02      8.81068648e-01      
2.01250001e+02      9.22859394e-01      
2.01750000e+02      9.63980432e-01      
2.02262501e+02      9.61322161e-01      
2.02787502e+02      9.66672109e-01      
2.03312504e+02      1.05725601e+00      
2.03837505e+02      1.09183201e+00      
2.04362505e+02      1.19661167e+00      
2.04887503e+02      1.22820324e+00      
2.05412500e+02      1.24042724e+00      
2.05937498e+02      1.23466990e+00      
2.06462498e+02      1.27120573e+00      
2.06987499e+02      1.37046810e+00      
2.07512501e+02      1.49208716e+00      
2.08037502e+02      1.55465429e+00      
2.08575003e+02      1.75161180e+00      
2.09125002e+02      2.14546571e+00      
2.09675001e+02      2.61389016e+00      
2.10225000e+02      3.00527893e+00      
2.10787500e+02      3.36776512e+00      
2.11362501e+02      3.71879173e+00      
2.11937502e+02      4.37325720e+00      
2.12512503e+02      3.32988876e+00      
2.13087503e+02      3.54899738e+00      
2.13662504e+02      3.75268722e+00      
2.14237505e+02      4.73802271e+00      
2.14812506e+02      4.50853353e+00      
2.15387505e+02      4.36299775e+00      
2.15962502e+02      3.77452240e+00      
2.16537498e+02      3.69051722e+00      
2.17112495e+02      3.73250116e+00      
2.17724995e+02      4.09470690e+00      
2.18374996e+02      5.42180942e+00      
2.19024998e+02      4.97789215e+00      
2.19674999e+02      5.64388480e+00      
2.20275000e+02      5.80225581e+00      
2.20824999e+02      4.89400184e+00      
2.21374998e+02      4.36314755e+00      
2.21924997e+02      4.79900826e+00      
2.22512497e+02      5.63956647e+00      
2.23137497e+02      6.66638663e+00      
2.23762497e+02      7.56345969e+00      
2.24387497e+02      6.60982542e+00      
2.25024998e+02      6.56161856e+00      
2.25674999e+02      5.74536670e+00      
2.26325001e+02      4.72092025e+00      
2.26975002e+02      3.82528498e+00      
2.27625002e+02      4.55495889e+00      
2.28275000e+02      6.00280097e+00      
2.28924997e+02      5.57022891e+00      
2.29574995e+02      5.41614267e+00      
2.30237495e+02      5.45352846e+00      
2.30912498e+02      6.16984345e+00      
2.31587502e+02      5.72758132e+00      
2.32262505e+02      6.15731040e+00      
2.32937506e+02      5.48466209e+00      
2.33612505e+02      4.92221984e+00      
2.34287504e+02      4.28535782e+00      
2.34962503e+02      4.83538789e+00      
2.35587884e+02      6.21550606e+00      
2.36163647e+02      5.42523952e+00      
2.36739410e+02      5.31632498e+00      
2.37315172e+02      5.89489199e+00      
2.37665173e+02      5.54047944e+00      
2.37789411e+02      6.05864462e+00      
2.37913649e+02      5.25051091e+00      
2.38037887e+02      4.36939941e+00      
2.38462505e+02      4.60142902e+00      
2.39187504e+02      5.22335932e+00      
2.39912502e+02      4.59964295e+00      
2.40637501e+02      4.42813918e+00      
2.41362499e+02      5.09514664e+00      
2.42087498e+02      7.55795403e+00      
2.42812496e+02      8.01132313e+00      
2.43537495e+02      7.38890363e+00      
2.44274994e+02      7.32445516e+00      
2.45024994e+02      6.02861868e+00      
2.45774994e+02      5.59759462e+00      
2.46524994e+02      5.53092734e+00      
2.47287495e+02      6.26204563e+00      
2.48062496e+02      5.68034446e+00      
2.48837498e+02      4.83933056e+00      
2.49612499e+02      6.71535316e+00      
2.50400000e+02      6.77630067e+00      
2.51199999e+02      5.82993335e+00      
2.51999998e+02      4.64961621e+00      
2.52799997e+02      4.77896108e+00      
2.53599997e+02      5.93055319e+00      
2.54399996e+02      6.55532741e+00      
2.55199995e+02      8.05793197e+00      
2.55999994e+02      9.78725467e+00      
2.56812496e+02      1.27059780e+01      
2.57637501e+02      1.38572655e+01      
2.58462505e+02      1.41389886e+01      
2.59287510e+02      1.33216443e+01      
2.60137512e+02      1.00368764e+01      
2.61012512e+02      9.08191772e+00      
2.61887512e+02      1.12739628e+01      
2.62762512e+02      1.16329725e+01      
2.63637512e+02      2.01828224e+01      
2.64512512e+02      2.83281480e+01      
2.65387512e+02      2.82954638e+01      
2.66262512e+02      2.87363652e+01      
2.67150009e+02      2.81446412e+01      
2.68050003e+02      2.83453547e+01      
2.68949997e+02      2.72241049e+01      
2.69849991e+02      2.83057961e+01      
2.70762489e+02      3.01786748e+01      
2.71687492e+02      2.40550816e+01      
2.72612495e+02      2.30414833e+01      
2.73537498e+02      2.33959557e+01      
2.74125601e+02      1.67760155e+01      
2.74376802e+02      1.42338046e+01      
2.74628003e+02      1.52872627e+01      
2.74879204e+02      1.46229415e+01      
2.75354202e+02      1.92564012e+01      
2.76052998e+02      2.52706703e+01      
2.76751794e+02      2.86221149e+01      
2.77450590e+02      2.76798251e+01      
2.78287491e+02      1.95992821e+01      
2.79262497e+02      1.17528110e+01      
2.80237503e+02      9.27198430e+00      
2.81212509e+02      1.95538783e+01      
2.82113240e+02      3.06415269e+01      
2.82939697e+02      3.55579404e+01      
2.83766153e+02      3.51644511e+01      
2.84592609e+02      2.81592211e+01      
2.85092609e+02      1.69937312e+01      
2.85266153e+02      1.25517320e+01      
2.85439697e+02      1.38943376e+01      
2.85613240e+02      2.07103361e+01      
2.86225010e+02      3.51312329e+01      
2.87275005e+02      3.98958017e+01      
2.88325001e+02      3.48700938e+01      
2.89374996e+02      5.04326582e+01      
2.90424995e+02      6.78379890e+01      
2.91474998e+02      6.55914258e+01      
2.92525002e+02      5.81793413e+01      
2.93575005e+02      6.08061264e+01      
2.94650005e+02      5.73928385e+01      
2.95750004e+02      6.35870731e+01      
2.96850002e+02      5.29818314e+01      
2.97950001e+02      5.82391245e+01      
2.99062500e+02      5.37426564e+01      
3.00187500e+02      4.93779265e+01      
3.01312500e+02      5.23787294e+01      
3.02437500e+02      5.34607333e+01      
3.03513304e+02      7.05939559e+01      
3.04539913e+02      6.79007497e+01      
3.05566522e+02      6.68047338e+01      
3.06593131e+02      6.36858566e+01      
3.07180632e+02      7.01135456e+01      
3.07329027e+02      7.08743905e+01      
3.07477421e+02      7.18766136e+01      
3.07625815e+02      7.03722836e+01      
3.08300011e+02      7.10937220e+01      
3.09500008e+02      5.75060858e+01      
3.10700005e+02      7.60285397e+01      
3.11900002e+02      7.83009231e+01      
3.13125000e+02      7.72198129e+01      
3.14375000e+02      7.68208264e+01      
3.15625000e+02      6.99840232e+01      
3.16875000e+02      8.11211222e+01      
3.18125000e+02      7.79427354e+01      
3.19375000e+02      7.99358610e+01      
3.20625000e+02      8.90004493e+01      
3.21875000e+02      7.95137559e+01      
3.23125000e+02      7.31149857e+01      
3.24375000e+02      8.54713173e+01      
3.25625000e+02      1.02042488e+02      
3.26875000e+02      1.09964838e+02      
3.27713409e+02      1.07605357e+02      
3.28140227e+02      1.03689077e+02      
3.28567045e+02      1.03416561e+02      
3.28993862e+02      1.10772895e+02      
3.29618862e+02      1.23328293e+02      
3.30442045e+02      1.15388887e+02      
3.31265227e+02      1.09368804e+02      
3.32088409e+02      1.09007776e+02      
3.33125000e+02      1.05953808e+02      
3.34375000e+02      1.08037263e+02      
3.35625000e+02      1.03826900e+02      
3.36875000e+02      9.16090094e+01      
3.37962972e+02      1.01435785e+02      
3.38888917e+02      1.07641645e+02      
3.39814862e+02      1.13491030e+02      
3.40740807e+02      1.11570274e+02      
3.41365807e+02      1.04294084e+02      
3.41689862e+02      1.02494316e+02      
3.42013917e+02      1.13708686e+02      
3.42337972e+02      1.11000525e+02      
3.42812500e+02      1.15327922e+02      
3.43437500e+02      1.12837174e+02      
3.44062500e+02      9.06244092e+01      
3.44687500e+02      9.93705935e+01      
3.46250000e+02      1.06069423e+02      
3.48750000e+02      1.01697595e+02      
3.51250000e+02      1.14101404e+02      
3.53750000e+02      1.18014503e+02      
3.56250000e+02      1.08286144e+02      
3.58750000e+02      9.68480916e+01      
3.61250000e+02      1.06824745e+02      
3.63750000e+02      1.16408736e+02      
3.66250000e+02      1.36486260e+02      
3.68750000e+02      1.32998279e+02      
3.71250000e+02      1.29774507e+02      
3.73750000e+02      1.08737625e+02      
3.76250000e+02      1.24453965e+02      
3.78750000e+02      1.38916087e+02      
3.81250000e+02      1.22908374e+02      
3.83750000e+02      8.78790681e+01      
3.85625050e+02      1.13041537e+02      
3.86875151e+02      1.14485401e+02      
3.88125252e+02      1.12969673e+02      
3.89375353e+02      1.26739999e+02      
3.90625353e+02      1.39034780e+02      
3.91875252e+02      1.37697178e+02      
3.93125151e+02      8.08900204e+01      
3.94375050e+02      1.13631693e+02      
3.96250000e+02      1.07777850e+02      
3.98750000e+02      1.62907242e+02      
4.01250000e+02      1.91477497e+02      
4.03750000e+02      1.89425255e+02      
4.06250000e+02      1.82784650e+02      
4.08750000e+02      1.87580351e+02      
4.11250000e+02      1.88438945e+02      
4.13750000e+02      1.94728693e+02      
4.16250000e+02      1.95841462e+02      
4.18750000e+02      1.91198137e+02      
4.21250000e+02      1.96291776e+02      
4.23750000e+02      1.89406000e+02      
4.26250000e+02      1.88394517e+02      
4.28750000e+02      1.77569333e+02      
4.31250000e+02      1.61825369e+02      
4.33750000e+02      1.81031239e+02      
4.36250000e+02      1.98955512e+02      
4.38750000e+02      1.93679148e+02      
4.41250000e+02      2.08714833e+02      
4.43750000e+02      2.16358306e+02      
4.45625561e+02      2.07938938e+02      
4.46876683e+02      2.16763559e+02      
4.48127805e+02      2.23789556e+02      
4.49378927e+02      2.24002350e+02      
4.50628927e+02      2.37029509e+02      
4.51877805e+02      2.33463619e+02      
4.53126683e+02      2.11540355e+02      
4.54375561e+02      2.28478792e+02      
4.56250000e+02      2.31145649e+02      
4.58750000e+02      2.28682618e+02      
4.61250000e+02      2.30508675e+02      
4.63750000e+02      2.29738502e+02      
4.66250000e+02      2.22905397e+02      
4.68750000e+02      2.25151482e+02      
4.71250000e+02      2.21729237e+02      
4.73750000e+02      2.28919389e+02      
4.76250000e+02      2.27993204e+02      
4.78750000e+02      2.31699213e+02      
4.81250000e+02      2.31808791e+02      
4.83750000e+02      2.26357948e+02      
4.86250000e+02      1.96647069e+02      
4.88750000e+02      2.16757419e+02      
4.91250000e+02      2.17875380e+02      
4.93750000e+02      2.19779348e+02      
4.96250000e+02      2.22017475e+02      
4.98750000e+02      2.16629104e+02      
5.01250000e+02      2.05012430e+02      
5.03750000e+02      2.13036080e+02      
5.06250000e+02      2.17334303e+02      
5.08750000e+02      2.06474404e+02      
5.11250000e+02      2.14312906e+02      
5.13750000e+02      2.02858779e+02      
5.16250000e+02      1.92834381e+02      
5.18750000e+02      1.93233381e+02      
5.21250000e+02      2.06608547e+02      
5.23750000e+02      2.04089229e+02      
5.26250000e+02      1.98689739e+02      
5.28750000e+02      2.08511251e+02      
5.31250000e+02      2.12081131e+02      
5.33750000e+02      2.01530214e+02      
5.35626888e+02      2.11918919e+02      
5.36880663e+02      2.05358770e+02      
5.38134438e+02      2.09362859e+02      
5.39388214e+02      2.05456795e+02      
5.40638214e+02      1.96695258e+02      
5.41884438e+02      2.05945017e+02      
5.43130663e+02      2.02536654e+02      
5.44376888e+02      2.08724369e+02      
5.45563869e+02      2.09568273e+02      
5.46691608e+02      2.10157528e+02      
5.47819347e+02      2.05159246e+02      
5.48947086e+02      2.07487419e+02      
5.50197086e+02      2.09014170e+02      
5.51569347e+02      2.07261643e+02      
5.52941608e+02      2.04822696e+02      
5.54313869e+02      2.10009280e+02      
5.56250000e+02      2.05299932e+02      
5.58750000e+02      1.98693317e+02      
5.61250000e+02      2.00422140e+02      
5.63750000e+02      2.04671133e+02      
5.65200540e+02      2.02218212e+02      
5.65601619e+02      1.98704966e+02      
5.66002698e+02      1.89685339e+02      
5.66403777e+02      1.98296785e+02      
5.67653777e+02      2.02117487e+02      
5.69752698e+02      1.98829759e+02      
5.71851619e+02      1.99306158e+02      
5.73950540e+02      2.05219412e+02      
5.76250000e+02      2.00625195e+02      
5.78750000e+02      1.98992700e+02      
5.81250000e+02      2.01430051e+02      
5.83750000e+02      2.02548743e+02      
5.86250000e+02      1.97342572e+02      
5.88750000e+02      1.87831417e+02      
5.91250000e+02      1.96939505e+02      
5.93750000e+02      1.96049969e+02      
5.96250000e+02      1.95076746e+02      
5.98750000e+02      1.93224564e+02      
6.01250000e+02      1.89865599e+02      
6.03750000e+02      1.92405016e+02      
6.05004234e+02      1.93833249e+02      
6.05012703e+02      1.94177735e+02      
6.05021172e+02      1.94216834e+02      
6.05029640e+02      1.93130005e+02      
6.06279640e+02      1.92850409e+02      
6.08771172e+02      1.91227895e+02      
6.11262703e+02      1.89275558e+02      
6.13754234e+02      1.85685937e+02      
6.16250000e+02      1.82500475e+02      
6.18750000e+02      1.86511829e+02      
6.21250000e+02      1.86433476e+02      
6.23750000e+02      1.81427428e+02      
6.26250000e+02      1.82684004e+02      
6.28750000e+02      1.85081133e+02      
6.31250000e+02      1.80412031e+02      
6.33750000e+02      1.81108286e+02      
6.36250000e+02      1.80325215e+02      
6.38750000e+02      1.80531481e+02      
6.41250000e+02      1.76317107e+02      
6.43750000e+02      1.78399150e+02      
6.46250000e+02      1.75778226e+02      
6.48750000e+02      1.74321401e+02      
6.51250000e+02      1.75812423e+02      
6.53750000e+02      1.73340804e+02      
6.56250000e+02      1.53774804e+02      
6.58750000e+02      1.68493319e+02      
6.61250000e+02      1.71507106e+02      
6.63750000e+02      1.68293514e+02      
6.65208336e+02      1.68314228e+02      
6.65625007e+02      1.69252886e+02      
6.66041679e+02      1.68546498e+02      
6.66458351e+02      1.65098041e+02      
6.67708351e+02      1.68436662e+02      
6.69791679e+02      1.69662579e+02      
6.71875007e+02      1.69065426e+02      
6.73958336e+02      1.69297131e+02      
6.76250000e+02      1.67416641e+02      
6.78750000e+02      1.65402046e+02      
6.81250000e+02      1.64120202e+02      
6.83750000e+02      1.63266151e+02      
6.85760623e+02      1.64147423e+02      
6.87281868e+02      1.65637663e+02      
6.88803113e+02      1.63422379e+02      
6.90324358e+02      1.62255632e+02      
6.91574358e+02      1.60268041e+02      
6.92553113e+02      1.59952678e+02      
6.93531868e+02      1.60152671e+02      
6.94510623e+02      1.60451789e+02      
6.96250000e+02      1.61856860e+02      
6.98750000e+02      1.60269264e+02      
7.01250000e+02      1.57943703e+02      
7.03750000e+02      1.59278792e+02      
7.06250000e+02      1.58230990e+02      
7.08750000e+02      1.56524041e+02      
7.11250000e+02      1.54524400e+02      
7.13750000e+02      1.52369669e+02      
7.16250000e+02      1.51099408e+02      
7.18750000e+02      1.49268996e+02      
7.21250000e+02      1.49511019e+02      
7.23750000e+02      1.49270235e+02      
7.26250000e+02      1.48400227e+02      
7.28750000e+02      1.45312440e+02      
7.31250000e+02      1.46491279e+02      
7.33750000e+02      1.46356339e+02      
7.36250000e+02      1.44940567e+02      
7.38750000e+02      1.42366958e+02      
7.41250000e+02      1.40809474e+02      
7.43750000e+02      1.42561995e+02      
7.45859962e+02      1.42310836e+02      
7.47579885e+02      1.42826513e+02      
7.49299808e+02      1.40645453e+02      
7.51019731e+02      1.40178310e+02      
7.52269731e+02      1.40147210e+02      
7.53049808e+02      1.40503180e+02      
7.53829885e+02      1.41195204e+02      
7.54609962e+02      1.40513860e+02      
7.56250000e+02      1.39894992e+02      
7.58750000e+02      1.38574976e+02      
7.61250000e+02      1.36137070e+02      
7.63750000e+02      1.37339181e+02      
7.66250000e+02      1.32761848e+02      
7.68750000e+02      1.34548988e+02      
7.71250000e+02      1.33049763e+02      
7.73750000e+02      1.32822073e+02      
7.75857604e+02      1.31116676e+02      
7.77572811e+02      1.30584102e+02      
7.79288018e+02      1.30174329e+02      
7.81003225e+02      1.29695645e+02      
7.82253225e+02      1.30838014e+02      
7.83038018e+02      1.28831454e+02      
7.83822811e+02      1.27559612e+02      
7.84607604e+02      1.29198712e+02      
7.86250000e+02      1.27983741e+02      
7.88750000e+02      1.28624144e+02      
7.91250000e+02      1.27221200e+02      
7.93750000e+02      1.23605094e+02      
7.96250000e+02      1.26258206e+02      
7.98750000e+02      1.25204405e+02      
8.01250000e+02      1.24562447e+02      
8.03750000e+02      1.23619061e+02      
8.06250000e+02      1.23464816e+02      
8.08750000e+02      1.22207957e+02      
8.11250000e+02      1.23080245e+02      
8.13750000e+02      1.23258520e+02      
8.16250000e+02      1.21956712e+02      
8.18750000e+02      1.18659492e+02      
8.21250000e+02      1.17539785e+02      
8.23750000e+02      1.18927995e+02      
8.26250000e+02      1.18858416e+02      
8.28750000e+02      1.17701501e+02      
8.31250000e+02      1.17182042e+02      
8.33750000e+02      1.13456760e+02      
8.35932497e+02      1.15839692e+02      
8.37797491e+02      1.14743779e+02      
8.39662485e+02      1.14114524e+02      
8.41527480e+02      1.14387739e+02      
8.42777480e+02      1.11900593e+02      
8.43412485e+02      1.11187371e+02      
8.44047491e+02      1.10455522e+02      
8.44682497e+02      1.13708732e+02      
8.46250000e+02      1.12628780e+02      
8.48750000e+02      1.08805337e+02      
8.51250000e+02      1.06045362e+02      
8.53750000e+02      9.45910847e+01      
8.56250000e+02      1.07547207e+02      
8.58750000e+02      1.08208408e+02      
8.61250000e+02      1.08839375e+02      
8.63750000e+02      1.10302124e+02      
8.66250000e+02      1.00105593e+02      
8.68750000e+02      1.07883962e+02      
8.71250000e+02      1.10009396e+02      
8.73750000e+02      1.07897917e+02      
8.76250000e+02      1.05656134e+02      
8.78750000e+02      1.06228778e+02      
8.81250000e+02      1.03596196e+02      
8.83750000e+02      1.04034037e+02      
8.85783196e+02      1.03012312e+02      
8.87349589e+02      1.01387620e+02      
8.88915982e+02      1.03511614e+02      
8.90482375e+02      1.03847059e+02      
8.91732375e+02      1.02524106e+02      
8.92665982e+02      1.00034120e+02      
8.93599589e+02      1.01916320e+02      
8.94533196e+02      9.98929856e+01      
8.96250000e+02      1.01596787e+02      
8.98750000e+02      1.00675264e+02      
9.01250000e+02      9.58842129e+01      
9.03750000e+02      1.00039859e+02      
9.06250000e+02      9.89507196e+01      
9.08750000e+02      9.62125880e+01      
9.11250000e+02      9.65281653e+01      
9.13750000e+02      9.79870130e+01      
9.16250000e+02      9.67049462e+01      
9.18750000e+02      9.62844746e+01      
9.21250000e+02      9.36906037e+01      
9.23750000e+02      9.16261735e+01      
9.26250000e+02      9.28830402e+01      
9.28750000e+02      9.42246372e+01      
9.31250000e+02      9.39208072e+01      
9.33750000e+02      9.37310356e+01      
9.36250000e+02      9.23779770e+01      
9.38750000e+02      9.23411304e+01      
9.41250000e+02      8.88357091e+01      
9.43750000e+02      9.01074540e+01      
9.46250000e+02      9.05613673e+01      
9.48750000e+02      9.07494836e+01      
9.51250000e+02      8.97424067e+01      
9.53750000e+02      8.77957625e+01      
9.55817304e+02      8.63079883e+01      
9.57451913e+02      8.78373384e+01      
9.59086521e+02      8.87180754e+01      
9.60721130e+02      8.71971865e+01      
9.61971130e+02      8.79368715e+01      
9.62836521e+02      8.64236588e+01      
9.63701913e+02      8.64196470e+01      
9.64567304e+02      8.68143396e+01      
9.66250000e+02      8.58862433e+01      
9.68750000e+02      8.60795423e+01      
9.71250000e+02      8.58893346e+01      
9.73750000e+02      8.46097094e+01      
9.76250000e+02      8.46230722e+01      
9.78750000e+02      8.40967690e+01      
9.81250000e+02      8.41756212e+01      
9.83750000e+02      8.35100388e+01      
9.86250000e+02      8.30125669e+01      
9.88750000e+02      8.21943470e+01      
9.91250000e+02      8.20018453e+01      
9.93750000e+02      8.20388711e+01      
9.96250000e+02      8.15961239e+01      
9.98750000e+02      8.10981876e+01      
1.00125000e+03      8.08865809e+01      
1.00375000e+03      7.88780581e+01      
1.00625000e+03      7.71660227e+01      
1.00875000e+03      7.93943582e+01      
1.01125000e+03      7.90028542e+01      
1.01375000e+03      7.82981948e+01      
1.01625000e+03      7.75658271e+01      
1.01875000e+03      7.67966252e+01      
1.02125000e+03      7.65830531e+01      
1.02375000e+03      7.70757088e+01      
1.02625000e+03      7.67185526e+01      
1.02875000e+03      7.60906497e+01      
1.03125000e+03      7.57199675e+01      
1.03375000e+03      7.43935177e+01      
1.03515868e+03      7.39117003e+01      
1.03547603e+03      7.48461120e+01      
1.03579339e+03      7.49880325e+01      
1.03611075e+03      7.50494955e+01      
1.03736075e+03      7.37260842e+01      
1.03954339e+03      7.40252820e+01      
1.04172603e+03      7.38683446e+01      
1.04390868e+03      7.35909688e+01      
1.04625000e+03      7.23008394e+01      
1.04875000e+03      7.30617263e+01      
1.05125000e+03      7.25851430e+01      
1.05375000e+03      7.21568200e+01      
1.05625000e+03      7.22341804e+01      
1.05875000e+03      7.07633258e+01      
1.06125000e+03      7.06277001e+01      
1.06375000e+03      7.07265296e+01      
1.06556484e+03      7.08154750e+01      
1.06669451e+03      6.93166160e+01      
1.06782418e+03      7.03228655e+01      
1.06895385e+03      6.66710212e+01      
1.07020385e+03      6.91049145e+01      
1.07157418e+03      6.96385678e+01      
1.07294451e+03      6.82648216e+01      
1.07431484e+03      6.89251075e+01      
1.07625000e+03      6.89726824e+01      
1.07875000e+03      6.83873806e+01      
1.08125000e+03      6.75280151e+01      
1.08375000e+03      6.70936692e+01      
1.08687500e+03      6.67774494e+01      
1.09062500e+03      6.69372043e+01      
1.09437500e+03      6.38840173e+01      
1.09812500e+03      6.47914644e+01      
1.10374294e+03      6.47030673e+01      
1.11122881e+03      6.40943359e+01      
1.11871468e+03      6.30516427e+01      
1.12620055e+03      6.16501148e+01      
1.13903128e+03      6.01574408e+01      
1.15720685e+03      5.84779076e+01      
1.17538242e+03      5.65047196e+01      
1.19355799e+03      5.45081694e+01      
1.21571375e+03      5.26797468e+01      
1.24184971e+03      5.04583623e+01      
1.26798566e+03      4.84806467e+01      
1.29412161e+03      4.60827637e+01      
1.32261778e+03      4.41530290e+01      
1.35347418e+03      4.21189500e+01      
1.38433059e+03      4.01597795e+01      
1.41518699e+03      3.80475684e+01      
1.44740644e+03      3.62601717e+01      
1.48098895e+03      3.43141280e+01      
1.51457146e+03      3.23648190e+01      
1.54815397e+03      3.07139623e+01      
1.58029753e+03      2.88231684e+01      
1.61100215e+03      2.74707031e+01      
1.64170676e+03      2.59245333e+01      
1.67241138e+03      2.43900901e+01      
1.70956790e+03      2.29720812e+01      
1.75317633e+03      2.10044905e+01      
1.79678476e+03      1.93874449e+01      
1.84039319e+03      1.79615554e+01      
1.88194796e+03      1.64483687e+01      
1.92144910e+03      1.54714852e+01      
1.96095023e+03      1.42376298e+01      
2.00045136e+03      1.33367897e+01      
2.04300708e+03      1.23507396e+01      
2.08861738e+03      1.14559455e+01      
2.13422769e+03      1.06293710e+01      
2.17983800e+03      9.72218345e+00      
2.23748645e+03      8.84297025e+00      
2.30717304e+03      7.86555493e+00      
2.37685964e+03      6.96480015e+00      
2.44654623e+03      6.30014064e+00      
2.50366265e+03      5.81973001e+00      
2.54820889e+03      5.45689249e+00      
2.59275514e+03      5.13989551e+00      
2.63730139e+03      4.83105886e+00      
2.69209120e+03      4.49961806e+00      
2.75712457e+03      4.15603104e+00      
2.82215795e+03      3.83036996e+00      
2.88719133e+03      3.54089899e+00      
2.94894192e+03      3.28613794e+00      
3.00740972e+03      3.06420228e+00      
3.06587753e+03      2.86256875e+00      
3.12434533e+03      2.69086342e+00      
3.16430572e+03      2.57095994e+00      
3.18575868e+03      2.49709238e+00      
3.20721164e+03      2.43886947e+00      
3.22866461e+03      2.38338399e+00      
3.24919847e+03      2.32705746e+00      
3.26881322e+03      2.27849892e+00      
3.28842798e+03      2.23153323e+00      
3.30804273e+03      2.18164028e+00      
3.32814434e+03      2.13739031e+00      
3.34873280e+03      2.08963218e+00      
3.36932126e+03      2.04383016e+00      
3.38990971e+03      2.00145368e+00      
3.41102225e+03      1.95510886e+00      
3.43265885e+03      1.91183770e+00      
3.45429546e+03      1.87064074e+00      
3.47593206e+03      1.82750445e+00      
3.49797380e+03      1.78608574e+00      
3.52042067e+03      1.74676859e+00      
3.54286754e+03      1.70722799e+00      
3.56531441e+03      1.66667259e+00      
3.58902943e+03      1.62807828e+00      
3.61401260e+03      1.58857948e+00      
3.63899577e+03      1.54977324e+00      
3.66397893e+03      1.51185644e+00      
3.68950149e+03      1.47303589e+00      
3.71556345e+03      1.43629992e+00      
3.74162540e+03      1.40046126e+00      
3.76768735e+03      1.36159196e+00      
3.80933142e+03      1.30695902e+00      
3.86655760e+03      1.24313966e+00      
3.92378378e+03      1.17832003e+00      
3.98100996e+03      1.12004544e+00      
4.02990538e+03      1.07069084e+00      
4.07047004e+03      1.02981859e+00      
4.11103469e+03      9.93664990e-01      
4.15159935e+03      9.52684304e-01      
4.21857828e+03      8.98628631e-01      
4.31197149e+03      8.33805230e-01      
4.40536469e+03      7.70572524e-01      
4.49875790e+03      7.13731679e-01      
4.58702880e+03      6.64212879e-01      
4.67017740e+03      6.20751080e-01      
4.75332600e+03      5.81521793e-01      
4.83647460e+03      5.46015376e-01      
4.90931845e+03      5.16686265e-01      
4.97185755e+03      4.91618738e-01      
5.03439665e+03      4.69456747e-01      
5.09693575e+03      4.47945552e-01      
5.16285533e+03      4.26884723e-01      
5.23215538e+03      4.06444003e-01      
5.30145544e+03      3.86860490e-01      
5.37075549e+03      3.68229102e-01      
5.44401556e+03      3.50118260e-01      
5.52123564e+03      3.32069526e-01      
5.59845573e+03      3.15256579e-01      
5.67567581e+03      2.99268615e-01      
5.75757587e+03      2.83531651e-01      
5.84415591e+03      2.68207733e-01      
5.93073595e+03      2.53730780e-01      
6.01731598e+03      2.39980545e-01      
6.10948187e+03      2.26574155e-01      
6.20723361e+03      2.13527007e-01      
6.30498534e+03      2.01286964e-01      
6.40273708e+03      1.89716852e-01      
6.50723028e+03      1.78429363e-01      
6.61846495e+03      1.67420149e-01      
6.72969961e+03      1.57205882e-01      
6.84093428e+03      1.47451597e-01      
6.96040857e+03      1.38090371e-01      
7.08812249e+03      1.29001467e-01      
7.21583641e+03      1.20496154e-01      
7.34355032e+03      1.12786360e-01      
7.46187353e+03      1.06120013e-01      
7.57080603e+03      1.00281834e-01      
7.67973852e+03      9.49589357e-02      
7.78867102e+03      8.98923724e-02      
7.90441173e+03      8.49382620e-02      
8.02696067e+03      8.01274061e-02      
8.14950961e+03      7.56078330e-02      
8.27205855e+03      7.11763676e-02      
8.41982520e+03      6.65180562e-02      
8.59280956e+03      6.17100841e-02      
8.76579392e+03      5.71185710e-02      
8.93877828e+03      5.32270007e-02      
9.07082057e+03      5.02866820e-02      
9.16192079e+03      4.81698125e-02      
9.25302100e+03      4.63568293e-02      
9.34412122e+03      4.45074450e-02      
9.46596241e+03      4.23413274e-02      
9.61854458e+03      3.99295117e-02      
9.77112675e+03      3.75770936e-02      
9.92370892e+03      3.53816497e-02      
1.00797873e+04      3.32947213e-02      
1.02393618e+04      3.13415975e-02      
1.03989363e+04      2.95220454e-02      
1.05585108e+04      2.77851456e-02      
1.07370822e+04      2.60330702e-02      
1.09346507e+04      2.43003508e-02      
1.11322191e+04      2.26722150e-02      
1.13297875e+04      2.11033968e-02      
1.15625002e+04      1.95040621e-02      
1.18303573e+04      1.78967429e-02      
1.20982144e+04      1.64006678e-02      
1.23660715e+04      1.50149315e-02      
1.26736112e+04      1.36472191e-02      
1.30208335e+04      1.23173864e-02      
1.33680558e+04      1.11165352e-02      
1.37152781e+04      1.00800266e-02      
1.40268412e+04      9.23448220e-03      
1.43027449e+04      8.53331164e-03      
1.45786486e+04      7.91954339e-03      
1.48545523e+04      7.35271984e-03      
1.51443729e+04      6.81791459e-03      
1.54481106e+04      6.31463774e-03      
1.57518482e+04      5.84804926e-03      
1.60555859e+04      5.38959878e-03      
1.64751008e+04      4.87371369e-03      
1.70103929e+04      4.32835993e-03      
1.75456851e+04      3.83291293e-03      
1.80809772e+04      3.41281551e-03      
1.85802979e+04      3.06559298e-03      
1.90436473e+04      2.77665048e-03      
1.95069966e+04      2.52699053e-03      
1.99703460e+04      2.29361644e-03      
2.05176771e+04      2.06276567e-03      
2.11489899e+04      1.83828412e-03      
2.17803028e+04      1.63713250e-03      
2.24116156e+04      1.45413462e-03      
2.31758368e+04      1.27477599e-03      
2.40729663e+04      1.10354901e-03      
2.49700959e+04      9.54946224e-04      
2.58672254e+04      8.29135333e-04      
2.68141952e+04      7.19472250e-04      
2.78110051e+04      6.23733057e-04      
2.88078151e+04      5.42737153e-04      
2.98046250e+04      4.71563014e-04      
3.09794371e+04      4.04882835e-04      
3.23322513e+04      3.43821390e-04      
3.36850655e+04      2.92238205e-04      
3.50378797e+04      2.46346961e-04      
3.69318190e+04      2.00283264e-04      
3.93668833e+04      1.57814648e-04      
4.18019476e+04      1.24294685e-04      
4.42370119e+04      9.73453431e-05      
4.75852261e+04      7.30711996e-05      
5.18465900e+04      5.29834501e-05      
5.61079540e+04      3.86702276e-05      
6.03693180e+04      2.77709454e-05      
6.71875000e+04      1.83057410e-05      
7.65625000e+04      1.13060810e-05      
8.59375000e+04      7.11723082e-06      
9.53125000e+04      4.92280498e-06      
1.00000000e+05      2.17233706e-06      
