Wavelength(nm)      SolarFlux(mW/m^2/nm)
1.00000000e+00      2.98493542e-03      
1.37500000e+00      2.38786073e-03      
2.12500000e+00      2.29354658e-02      
2.87500000e+00      2.93601881e-02      
3.62500000e+00      2.16620277e-02      
4.12500000e+00      2.72020164e-02      
4.37500000e+00      2.99720108e-02      
4.62500000e+00      2.99720108e-02      
4.87500000e+00      2.99720108e-02      
5.12500000e+00      5.15157625e-02      
5.37500000e+00      5.15157625e-02      
5.62500000e+00      5.15157625e-02      
5.87500000e+00      5.15157625e-02      
6.12500000e+00      4.58209929e-02      
6.37500000e+00      4.58209929e-02      
6.62500000e+00      4.58209929e-02      
6.87500000e+00      4.58209929e-02      
7.12500000e+00      4.80989007e-02      
7.37500000e+00      4.80989007e-02      
7.62500000e+00      4.80989007e-02      
7.87500000e+00      4.80989007e-02      
8.12500000e+00      2.93105414e-02      
8.37500000e+00      2.93105414e-02      
8.62500000e+00      2.93105414e-02      
8.87500000e+00      2.93105414e-02      
9.12500000e+00      3.28938657e-02      
9.37500000e+00      3.28938657e-02      
9.62500000e+00      3.28938657e-02      
9.87500000e+00      3.28938657e-02      
1.01250000e+01      1.14245841e-02      
1.03750000e+01      1.14245841e-02      
1.06250000e+01      1.14245841e-02      
1.08750000e+01      1.14245841e-02      
1.11250000e+01      8.18732654e-03      
1.13750000e+01      8.18732654e-03      
1.16250000e+01      8.18732654e-03      
1.18750000e+01      8.18732654e-03      
1.21000000e+01      5.30953505e-03      
1.23000001e+01      5.12967329e-03      
1.25000001e+01      5.12967329e-03      
1.27000002e+01      5.12967329e-03      
1.31125002e+01      4.98252756e-03      
1.37375002e+01      5.81217282e-03      
1.43625002e+01      1.57263255e-02      
1.49875002e+01      1.72479117e-02      
1.55875002e+01      1.89679636e-02      
1.61625003e+01      2.43092415e-02      
1.67375003e+01      2.96425652e-02      
1.73125004e+01      1.14333453e-01      
1.79625003e+01      8.72677393e-02      
1.86875002e+01      5.71969377e-02      
1.94125001e+01      5.87875453e-02      
2.01375000e+01      3.81492159e-02      
2.08250000e+01      2.70479034e-02      
2.14750001e+01      2.20256168e-02      
2.21250002e+01      2.81911347e-02      
2.27750003e+01      2.71115523e-02      
2.35875003e+01      1.74907927e-02      
2.45625002e+01      4.03049340e-02      
2.55375001e+01      6.33376283e-02      
2.65125000e+01      2.15043264e-02      
2.71250000e+01      3.09562478e-02      
2.73750000e+01      3.78088900e-02      
2.76250000e+01      3.78088900e-02      
2.78750000e+01      3.94989224e-02      
2.82500000e+01      4.62590521e-02      
2.87500000e+01      4.62590521e-02      
2.92500000e+01      1.32337686e-02      
2.97500000e+01      1.32337686e-02      
3.02500000e+01      2.80795950e-01      
3.07500000e+01      2.80795950e-01      
3.12500000e+01      5.45383710e-02      
3.17500000e+01      5.45383710e-02      
3.22500000e+01      7.57404366e-02      
3.27500000e+01      7.57404366e-02      
3.32500000e+01      7.43824530e-02      
3.37500000e+01      7.43824530e-02      
3.42500000e+01      3.18030983e-02      
3.47500000e+01      3.18030983e-02      
3.52500000e+01      2.73611780e-02      
3.57500000e+01      2.73611780e-02      
3.61250000e+01      3.51376050e-02      
3.63750000e+01      3.70817117e-02      
3.66250000e+01      3.70817117e-02      
3.68750000e+01      2.67595766e-02      
3.73750000e+01      6.11530650e-03      
3.81250000e+01      3.78658377e-03      
3.88750000e+01      2.61696569e-03      
3.96250000e+01      2.60645227e-03      
4.03750000e+01      4.37139281e-03      
4.11250000e+01      7.17526376e-03      
4.18750000e+01      6.42530640e-03      
4.26250000e+01      2.12152073e-03      
4.33750000e+01      4.94568843e-03      
4.41250000e+01      2.94229766e-03      
4.48750000e+01      2.01755468e-03      
4.56250000e+01      2.17145948e-03      
4.62500000e+01      7.21906968e-03      
4.67500000e+01      7.85002096e-03      
4.72500000e+01      3.11722930e-03      
4.77500000e+01      3.11722930e-03      
4.82500000e+01      5.19100158e-03      
4.87500000e+01      5.19100158e-03      
4.92500000e+01      1.84817179e-02      
4.97500000e+01      1.84817179e-02      
5.02500000e+01      7.53023774e-03      
5.07500000e+01      7.53023774e-03      
5.12500000e+01      2.58060678e-03      
5.17500000e+01      2.58060678e-03      
5.22500000e+01      4.54705455e-03      
5.27500000e+01      4.54705455e-03      
5.32500000e+01      3.35115292e-03      
5.37500000e+01      3.35115292e-03      
5.42500000e+01      2.16006994e-03      
5.47500000e+01      2.16006994e-03      
5.52500000e+01      9.67234725e-03      
5.57500000e+01      9.67234725e-03      
5.62500000e+01      2.94901457e-03      
5.67500000e+01      2.94901457e-03      
5.72500000e+01      2.93806309e-03      
5.77500000e+01      2.93806309e-03      
5.82500000e+01      1.66418692e-02      
5.87500000e+01      1.66418692e-02      
5.92500000e+01      3.47293338e-03      
5.97500000e+01      3.47293338e-03      
6.02500000e+01      1.42851107e-02      
6.07500000e+01      1.42851107e-02      
6.12500000e+01      4.34379508e-03      
6.17500000e+01      4.34379508e-03      
6.21250000e+01      1.59590225e-02      
6.23750000e+01      1.88628294e-02      
6.26250000e+01      1.88628294e-02      
6.28750000e+01      1.18188374e-02      
6.36250000e+01      3.85349731e-03      
6.48750000e+01      9.97811257e-04      
6.61250000e+01      8.01735957e-04      
6.73750000e+01      7.77993148e-04      
6.83750000e+01      2.42509576e-03      
6.91250000e+01      2.23424797e-03      
6.98750000e+01      3.07809601e-03      
7.06250000e+01      5.23042691e-03      
7.13750000e+01      2.29148770e-03      
7.21250000e+01      1.91709310e-03      
7.28750000e+01      1.90453540e-03      
7.36250000e+01      2.25381461e-03      
7.43750000e+01      2.77729536e-03      
7.51250000e+01      3.74482212e-03      
7.58750000e+01      6.37171716e-03      
7.66250000e+01      1.06579805e-02      
7.71250000e+01      1.01001851e-02      
7.73750000e+01      9.82128738e-03      
7.76250000e+01      9.82128738e-03      
7.78750000e+01      9.82128738e-03      
7.81250000e+01      1.36849696e-02      
7.83750000e+01      1.36849696e-02      
7.86250000e+01      1.36849696e-02      
7.88750000e+01      1.36849696e-02      
7.91250000e+01      6.39566439e-03      
7.93750000e+01      6.39566439e-03      
7.96250000e+01      6.39566439e-03      
7.98750000e+01      6.47159466e-03      
8.03750000e+01      6.62345518e-03      
8.11250000e+01      7.22505649e-03      
8.18750000e+01      8.72467917e-03      
8.26250000e+01      1.11223232e-02      
8.30749998e+01      1.49925701e-02      
8.32249994e+01      1.88628294e-02      
8.33749990e+01      1.88628294e-02      
8.35249987e+01      1.88628294e-02      
8.38999987e+01      1.67907097e-02      
8.44999990e+01      1.38120067e-02      
8.50999994e+01      1.48575064e-02      
8.56999998e+01      1.53802587e-02      
8.60625000e+01      1.58542610e-02      
8.61875000e+01      1.63045636e-02      
8.63125000e+01      1.63045636e-02      
8.64375000e+01      1.63045636e-02      
8.65625000e+01      1.63045636e-02      
8.66875000e+01      1.63045636e-02      
8.68125000e+01      1.63045636e-02      
8.69375000e+01      1.63045636e-02      
8.70625000e+01      1.94060228e-02      
8.71875000e+01      1.94060228e-02      
8.73125000e+01      1.94060228e-02      
8.74375000e+01      1.94060228e-02      
8.75625000e+01      1.94060228e-02      
8.76875000e+01      1.94060228e-02      
8.78125000e+01      1.94060228e-02      
8.79375000e+01      1.94060228e-02      
8.80625000e+01      2.21789376e-02      
8.81875000e+01      2.21789376e-02      
8.83125000e+01      2.21789376e-02      
8.84375000e+01      2.21789376e-02      
8.85625000e+01      2.21789376e-02      
8.86875000e+01      2.21789376e-02      
8.88125000e+01      2.21789376e-02      
8.89375000e+01      2.21789376e-02      
8.90625000e+01      2.69756859e-02      
8.91875000e+01      2.69756859e-02      
8.93125000e+01      2.69756859e-02      
8.94375000e+01      2.69756859e-02      
8.95625000e+01      2.69756859e-02      
8.96875000e+01      2.69756859e-02      
8.98125000e+01      2.69756859e-02      
8.99375000e+01      2.69756859e-02      
9.00625000e+01      3.17680536e-02      
9.01875000e+01      3.17680536e-02      
9.03125000e+01      3.17680536e-02      
9.04375000e+01      3.17680536e-02      
9.05749998e+01      3.17680536e-02      
9.07249994e+01      3.17680536e-02      
9.08749990e+01      3.17680536e-02      
9.10249987e+01      2.70040267e-02      
9.11499987e+01      2.42816217e-02      
9.12499990e+01      2.42816217e-02      
9.13499994e+01      2.42816217e-02      
9.14499998e+01      2.42816217e-02      
9.15625000e+01      2.42816217e-02      
9.16875000e+01      2.42816217e-02      
9.18125000e+01      2.42816217e-02      
9.19375000e+01      2.42816217e-02      
9.20375004e+01      1.08994902e-02      
9.21125011e+01      8.66919167e-03      
9.21875019e+01      8.66919167e-03      
9.22625027e+01      8.66919167e-03      
9.23500023e+01      8.66919167e-03      
9.24500008e+01      8.66919167e-03      
9.25499992e+01      8.66919167e-03      
9.26499977e+01      8.66919167e-03      
9.27374973e+01      8.66919167e-03      
9.28124981e+01      8.66919167e-03      
9.28874989e+01      8.66919167e-03      
9.29624996e+01      8.66919167e-03      
9.30375004e+01      7.58718543e-03      
9.31125011e+01      7.58718543e-03      
9.31875019e+01      7.58718543e-03      
9.32625027e+01      7.58718543e-03      
9.33625031e+01      7.58718543e-03      
9.34875031e+01      7.58718543e-03      
9.36125031e+01      7.58718543e-03      
9.37375031e+01      7.58718543e-03      
9.38500023e+01      7.58718543e-03      
9.39500008e+01      7.58718543e-03      
9.40499992e+01      5.41003118e-03      
9.41499977e+01      5.41003118e-03      
9.42749977e+01      5.41003118e-03      
9.44249992e+01      5.41003118e-03      
9.45750008e+01      5.41003118e-03      
9.47250023e+01      5.41003118e-03      
9.48375025e+01      5.41003118e-03      
9.49125013e+01      5.41003118e-03      
9.49875002e+01      4.64444971e-03      
9.50624990e+01      3.11328677e-03      
9.51374989e+01      3.11328677e-03      
9.52124996e+01      3.11328677e-03      
9.52875004e+01      3.11328677e-03      
9.53625011e+01      3.11328677e-03      
9.54250011e+01      3.11328677e-03      
9.54750004e+01      3.11328677e-03      
9.55249996e+01      3.11328677e-03      
9.55749989e+01      3.11328677e-03      
9.56124983e+01      3.11328677e-03      
9.56374979e+01      3.11328677e-03      
9.56624975e+01      3.11328677e-03      
9.56874971e+01      3.11328677e-03      
9.57499971e+01      3.11328677e-03      
9.58499975e+01      3.11328677e-03      
9.59499979e+01      3.11328677e-03      
9.60499983e+01      3.23725530e-03      
9.61624985e+01      3.23725753e-03      
9.62874985e+01      3.23725753e-03      
9.64124985e+01      3.23725753e-03      
9.65374985e+01      3.23725753e-03      
9.66124983e+01      3.23725753e-03      
9.66374979e+01      3.23725753e-03      
9.66624975e+01      3.23725753e-03      
9.66874971e+01      3.23725753e-03      
9.67499971e+01      3.23725753e-03      
9.68499975e+01      3.23725753e-03      
9.69499979e+01      3.23725753e-03      
9.70499983e+01      5.81294095e-02      
9.71499987e+01      5.81304565e-02      
9.72499990e+01      5.81304565e-02      
9.73499994e+01      5.81304565e-02      
9.74499998e+01      5.81304565e-02      
9.75625000e+01      5.81304565e-02      
9.76875000e+01      5.81304565e-02      
9.78125000e+01      5.81304565e-02      
9.79375000e+01      5.81304565e-02      
9.80625000e+01      6.59279104e-03      
9.81875000e+01      6.59279104e-03      
9.83125000e+01      6.59279104e-03      
9.84375000e+01      6.59279104e-03      
9.85124998e+01      6.59279104e-03      
9.85374994e+01      6.59279104e-03      
9.85624990e+01      6.59279104e-03      
9.85874987e+01      6.59279104e-03      
9.86249990e+01      6.59279104e-03      
9.86750002e+01      6.59279104e-03      
9.87250013e+01      6.59279104e-03      
9.87750025e+01      6.59279104e-03      
9.88375025e+01      6.59279104e-03      
9.89125013e+01      6.59279104e-03      
9.89875002e+01      7.78577227e-03      
9.90624990e+01      1.01717347e-02      
9.91249990e+01      1.01717347e-02      
9.91750002e+01      1.01717347e-02      
9.92250013e+01      1.01717347e-02      
9.92750025e+01      1.01717347e-02      
9.93875029e+01      1.01717347e-02      
9.95625025e+01      1.01717347e-02      
9.97375021e+01      1.01717347e-02      
9.99125017e+01      7.88563267e-03      
1.00300001e+02      4.12038488e-03      
1.00900002e+02      4.33415938e-03      
1.01500002e+02      4.76170356e-03      
1.02100002e+02      2.78137332e-02      
1.02475001e+02      4.38497264e-02      
1.02625001e+02      4.38497264e-02      
1.02775001e+02      4.38497264e-02      
1.02925000e+02      4.38497264e-02      
1.03062500e+02      4.51847650e-02      
1.03187500e+02      4.52515159e-02      
1.03312500e+02      4.52515159e-02      
1.03437500e+02      4.52515159e-02      
1.03625000e+02      4.52515159e-02      
1.03875000e+02      4.52515159e-02      
1.04125000e+02      6.57088808e-03      
1.04375000e+02      6.57088808e-03      
1.04650000e+02      6.57088808e-03      
1.04949999e+02      6.23504696e-03      
1.05249998e+02      5.56335190e-03      
1.05549997e+02      5.56335190e-03      
1.05862497e+02      5.54239572e-03      
1.06187498e+02      5.29613579e-03      
1.06512499e+02      5.29613579e-03      
1.06837500e+02      5.29613579e-03      
1.07125000e+02      5.59768331e-03      
1.07375000e+02      5.62029960e-03      
1.07625000e+02      5.62029960e-03      
1.07875000e+02      5.62029960e-03      
1.08125000e+02      9.42703409e-03      
1.08375000e+02      9.42703409e-03      
1.08625000e+02      9.42703409e-03      
1.08875000e+02      9.42703409e-03      
1.09125000e+02      6.34309729e-03      
1.09375000e+02      6.34309729e-03      
1.09625000e+02      6.34309729e-03      
1.09875000e+02      6.34309729e-03      
1.10125000e+02      6.76363413e-03      
1.10375000e+02      6.76363413e-03      
1.10625000e+02      6.76363413e-03      
1.10875000e+02      6.76363413e-03      
1.11013889e+02      6.55482474e-03      
1.11041667e+02      6.13720946e-03      
1.11069445e+02      6.13720946e-03      
1.11097223e+02      6.13720946e-03      
1.11222223e+02      6.13720946e-03      
1.11444445e+02      6.13720946e-03      
1.11666667e+02      6.13720946e-03      
1.11888889e+02      6.15659042e-03      
1.12125000e+02      6.77677590e-03      
1.12375000e+02      6.77677590e-03      
1.12625000e+02      6.77677590e-03      
1.12875000e+02      6.77677590e-03      
1.13125000e+02      5.22166572e-03      
1.13375000e+02      5.22166572e-03      
1.13625000e+02      5.22166572e-03      
1.13875000e+02      5.22166572e-03      
1.14125000e+02      3.53294749e-03      
1.14375000e+02      3.53294749e-03      
1.14625000e+02      3.53294749e-03      
1.14875000e+02      3.53294749e-03      
1.15087500e+02      5.58447478e-03      
1.15262499e+02      5.80428447e-03      
1.15437498e+02      5.80428447e-03      
1.15612497e+02      5.80428447e-03      
1.15774998e+02      5.80428447e-03      
1.15924999e+02      5.80428447e-03      
1.16075001e+02      6.56212689e-03      
1.16225002e+02      6.56212689e-03      
1.16387503e+02      6.56212689e-03      
1.16562502e+02      6.56212689e-03      
1.16737501e+02      6.56212689e-03      
1.16912500e+02      6.56212689e-03      
1.17075000e+02      2.74207646e-02      
1.17224999e+02      2.82898635e-02      
1.17374999e+02      2.82898635e-02      
1.17524999e+02      2.82898635e-02      
1.17687499e+02      2.82898635e-02      
1.17862500e+02      2.82898635e-02      
1.18037501e+02      1.33581724e-02      
1.18212502e+02      7.38567820e-03      
1.18387503e+02      7.38567820e-03      
1.18562502e+02      7.38567820e-03      
1.18737501e+02      7.38567820e-03      
1.18912500e+02      7.98479975e-03      
1.19100000e+02      2.47591063e-02      
1.19300001e+02      2.47591063e-02      
1.19500002e+02      2.47591063e-02      
1.19700003e+02      2.41266097e-02      
1.19887503e+02      2.69506562e-02      
1.20062502e+02      2.69399785e-02      
1.20237501e+02      2.43217216e-02      
1.20412500e+02      7.15176996e-02      
1.20587500e+02      1.80148636e-01      
1.20762499e+02      1.32726501e-01      
1.20937498e+02      4.83795506e-02      
1.21112497e+02      9.84547525e-02      
1.21299997e+02      2.47364736e+00      
1.21499998e+02      1.02078214e+01      
1.21699999e+02      6.74397355e+00      
1.21900000e+02      6.95917814e-01      
1.22087500e+02      6.65631297e-02      
1.22262499e+02      3.11936739e-02      
1.22437498e+02      2.24261802e-02      
1.22612497e+02      1.88965440e-02      
1.22799997e+02      1.76008152e-02      
1.22999998e+02      1.53567373e-02      
1.23199999e+02      1.36192660e-02      
1.23400000e+02      1.31245375e-02      
1.23587500e+02      1.50284354e-02      
1.23762499e+02      2.69956290e-02      
1.23937498e+02      2.88131068e-02      
1.24112497e+02      2.15821585e-02      
1.24299997e+02      2.05023689e-02      
1.24499998e+02      1.24354685e-02      
1.24699999e+02      1.01881629e-02      
1.24900000e+02      1.01646160e-02      
1.25100000e+02      1.05216367e-02      
1.25300001e+02      1.25252219e-02      
1.25500002e+02      1.34982433e-02      
1.25700003e+02      1.48436946e-02      
1.25900002e+02      2.30097022e-02      
1.26100001e+02      2.19439675e-02      
1.26300000e+02      2.17381404e-02      
1.26499999e+02      3.51082780e-02      
1.26699999e+02      1.79605198e-02      
1.26900000e+02      8.17254788e-03      
1.27100000e+02      7.66165531e-03      
1.27300001e+02      8.70370269e-03      
1.27500001e+02      1.24775815e-02      
1.27700000e+02      1.38267925e-02      
1.27899999e+02      1.28554065e-02      
1.28099998e+02      9.95110761e-03      
1.28299997e+02      6.87535782e-03      
1.28499998e+02      6.56704754e-03      
1.28699999e+02      9.52009599e-03      
1.28900000e+02      1.17714507e-02      
1.29112499e+02      8.53027744e-03      
1.29337498e+02      8.54504022e-03      
1.29562496e+02      1.17127060e-02      
1.29787495e+02      1.34770749e-02      
1.29999994e+02      3.66619305e-02      
1.30199995e+02      8.61324604e-02      
1.30399996e+02      1.25278500e-01      
1.30599997e+02      1.21457591e-01      
1.30812498e+02      4.12511638e-02      
1.31037500e+02      2.10020033e-02      
1.31262503e+02      1.29066230e-02      
1.31487505e+02      1.12557894e-02      
1.31700005e+02      1.37265445e-02      
1.31900002e+02      1.26040362e-02      
1.32099998e+02      8.96762446e-03      
1.32299995e+02      9.55510841e-03      
1.32512495e+02      9.67423558e-03      
1.32737497e+02      1.17813028e-02      
1.32962500e+02      1.41410348e-02      
1.33187502e+02      4.13185060e-02      
1.33412502e+02      2.31145797e-01      
1.33637501e+02      1.80985936e-01      
1.33862499e+02      2.10308166e-02      
1.34087498e+02      9.21286891e-03      
1.34312498e+02      9.41924664e-03      
1.34537500e+02      9.55163859e-03      
1.34762503e+02      1.02661950e-02      
1.34987505e+02      1.53813775e-02      
1.35212505e+02      1.86968392e-02      
1.35437504e+02      2.30654313e-02      
1.35662502e+02      2.56283546e-02      
1.35887501e+02      1.99082357e-02      
1.36125000e+02      1.50768708e-02      
1.36375000e+02      1.40038767e-02      
1.36625000e+02      1.29061003e-02      
1.36875000e+02      1.47037355e-02      
1.37112499e+02      1.66777430e-02      
1.37337498e+02      1.49320061e-02      
1.37562496e+02      1.31437328e-02      
1.37787495e+02      1.39033654e-02      
1.38024994e+02      1.55453587e-02      
1.38274994e+02      1.46969201e-02      
1.38524994e+02      1.45579930e-02      
1.38774994e+02      1.56712482e-02      
1.39137495e+02      5.24813376e-02      
1.39612497e+02      4.60873234e-02      
1.40087500e+02      4.56934346e-02      
1.40562502e+02      3.30156251e-02      
1.41050003e+02      2.21212767e-02      
1.41550003e+02      2.19829027e-02      
1.42050003e+02      2.20565161e-02      
1.42550003e+02      2.70183671e-02      
1.42807146e+02      2.29736287e-02      
1.42821433e+02      2.22051879e-02      
1.42835719e+02      2.21263705e-02      
1.42850006e+02      2.27579367e-02      
1.43112505e+02      2.83161666e-02      
1.43623216e+02      2.67057227e-02      
1.44133927e+02      2.54420426e-02      
1.44644638e+02      2.68002874e-02      
1.45162495e+02      2.68940499e-02      
1.45687496e+02      2.90445708e-02      
1.46212498e+02      3.16040778e-02      
1.46737499e+02      3.74982156e-02      
1.47275000e+02      4.95857307e-02      
1.47824999e+02      3.69867178e-02      
1.48374998e+02      4.51087589e-02      
1.48924997e+02      3.90352236e-02      
1.49487497e+02      3.90176000e-02      
1.50062498e+02      4.22241298e-02      
1.50637499e+02      4.29414166e-02      
1.51212500e+02      4.66875864e-02      
1.51787500e+02      4.53391297e-02      
1.52362501e+02      5.71039433e-02      
1.52937502e+02      6.45204276e-02      
1.53512503e+02      7.08656478e-02      
1.54100002e+02      6.05554644e-02      
1.54700001e+02      1.51417226e-01      
1.55299999e+02      9.96822917e-02      
1.55899998e+02      1.07257524e-01      
1.56512497e+02      8.13561385e-02      
1.57137497e+02      9.00666390e-02      
1.57762497e+02      8.16315618e-02      
1.58387497e+02      7.97440916e-02      
1.59024998e+02      8.50583391e-02      
1.59674999e+02      8.14335334e-02      
1.60325001e+02      9.03008475e-02      
1.60975002e+02      1.05646488e-01      
1.61625002e+02      1.05774406e-01      
1.62275000e+02      1.22767778e-01      
1.62924997e+02      1.27155064e-01      
1.63574995e+02      1.40858951e-01      
1.64245829e+02      1.63272410e-01      
1.64937498e+02      1.32740913e-01      
1.65629167e+02      2.80746548e-01      
1.66320837e+02      1.73276341e-01      
1.66670837e+02      1.62949850e-01      
1.66679169e+02      1.61687653e-01      
1.66687500e+02      1.61687653e-01      
1.66695831e+02      1.67449237e-01      
1.67049997e+02      2.03524007e-01      
1.67749998e+02      1.83021122e-01      
1.68449999e+02      2.10212023e-01      
1.69150000e+02      2.56114179e-01      
1.69862499e+02      3.07525858e-01      
1.70587498e+02      3.22002166e-01      
1.71312496e+02      3.20917610e-01      
1.72037495e+02      3.49109188e-01      
1.72587494e+02      3.58850695e-01      
1.72962494e+02      3.31190851e-01      
1.73337494e+02      3.43075804e-01      
1.73712494e+02      3.65352681e-01      
1.74087494e+02      4.05700376e-01      
1.74462494e+02      4.38599542e-01      
1.74837494e+02      4.28044769e-01      
1.75212494e+02      4.90136963e-01      
1.75599995e+02      5.33625286e-01      
1.75999996e+02      5.57430172e-01      
1.76399998e+02      5.30407744e-01      
1.76799999e+02      5.96362631e-01      
1.77200001e+02      7.04125379e-01      
1.77600002e+02      6.31325422e-01      
1.78000004e+02      7.20306741e-01      
1.78400005e+02      7.31969853e-01      
1.78800005e+02      7.70820554e-01      
1.79200003e+02      7.56089459e-01      
1.79600000e+02      7.14337697e-01      
1.79999998e+02      7.94420103e-01      
1.80399998e+02      8.48766746e-01      
1.80799999e+02      1.03108139e+00      
1.81200001e+02      8.62374226e-01      
1.81600002e+02      1.30997534e+00      
1.82012503e+02      1.10524027e+00      
1.82437502e+02      1.08950462e+00      
1.82862501e+02      1.01307640e+00      
1.83287500e+02      1.09934832e+00      
1.83712500e+02      1.13042467e+00      
1.84137499e+02      1.00923706e+00      
1.84562498e+02      9.53835947e-01      
1.84987497e+02      9.15079708e-01      
1.85412497e+02      1.12416011e+00      
1.85837496e+02      1.16717133e+00      
1.86262495e+02      1.19572064e+00      
1.86687494e+02      1.31629456e+00      
1.87124994e+02      1.49390526e+00      
1.87574995e+02      1.45024427e+00      
1.88024996e+02      1.39740847e+00      
1.88474997e+02      1.57942135e+00      
1.88924997e+02      1.67752216e+00      
1.89374998e+02      1.80351433e+00      
1.89824999e+02      1.63306083e+00      
1.90275000e+02      1.73975191e+00      
1.90725000e+02      1.86868765e+00      
1.91175001e+02      1.88056396e+00      
1.91625002e+02      2.02349296e+00      
1.92075003e+02      2.12748013e+00      
1.92537502e+02      2.06072366e+00      
1.93012501e+02      1.74176848e+00      
1.93487499e+02      1.44942254e+00      
1.93962498e+02      2.12914793e+00      
1.94437498e+02      2.64827536e+00      
1.94912500e+02      2.67704809e+00      
1.95387503e+02      2.54014499e+00      
1.95862505e+02      2.65263254e+00      
1.96337505e+02      2.71387391e+00      
1.96812504e+02      3.16320232e+00      
1.97287502e+02      2.95648388e+00      
1.97762501e+02      2.86615306e+00      
1.98250000e+02      3.03334938e+00      
1.98750000e+02      2.79753370e+00      
1.99250000e+02      3.13475167e+00      
1.99750000e+02      3.17479031e+00      
2.00000000e+02      3.24409131e+00      
2.00000001e+02      3.25127542e+00      
2.00000002e+02      3.25127542e+00      
2.00000003e+02      3.26336735e+00      
2.00250003e+02      3.39998269e+00      
2.00750002e+02      3.52427459e+00      
2.01250001e+02      3.69143758e+00      
2.01750000e+02      3.85592173e+00      
2.02262501e+02      3.84528864e+00      
2.02787502e+02      3.86668844e+00      
2.03312504e+02      4.22902406e+00      
2.03837505e+02      4.36732806e+00      
2.04362505e+02      4.78644666e+00      
2.04887503e+02      4.91281296e+00      
2.05412500e+02      4.96170895e+00      
2.05937498e+02      4.93867961e+00      
2.06462498e+02      5.08482291e+00      
2.06987499e+02      5.48187240e+00      
2.07512501e+02      5.96834865e+00      
2.08037502e+02      6.21861715e+00      
2.08575003e+02      7.00644719e+00      
2.09125002e+02      8.58186282e+00      
2.09675001e+02      1.04555607e+01      
2.10225000e+02      1.20211157e+01      
2.10787500e+02      1.34710605e+01      
2.11362501e+02      1.48751669e+01      
2.11937502e+02      1.74930288e+01      
2.12512503e+02      1.33195550e+01      
2.13087503e+02      1.41959895e+01      
2.13662504e+02      1.50107489e+01      
2.14237505e+02      1.89520909e+01      
2.14812506e+02      1.80341341e+01      
2.15387505e+02      1.74519910e+01      
2.15962502e+02      1.50980896e+01      
2.16537498e+02      1.47620689e+01      
2.17112495e+02      1.49300047e+01      
2.17724995e+02      1.63788276e+01      
2.18374996e+02      2.16872377e+01      
2.19024998e+02      1.99115686e+01      
2.19674999e+02      2.25755392e+01      
2.20275000e+02      2.32090232e+01      
2.20824999e+02      1.95760073e+01      
2.21374998e+02      1.74525902e+01      
2.21924997e+02      1.91960330e+01      
2.22512497e+02      2.25582659e+01      
2.23137497e+02      2.66655465e+01      
2.23762497e+02      3.02538388e+01      
2.24387497e+02      2.64393017e+01      
2.25024998e+02      2.62464742e+01      
2.25674999e+02      2.29814668e+01      
2.26325001e+02      1.88836810e+01      
2.26975002e+02      1.53011399e+01      
2.27625002e+02      1.82198356e+01      
2.28275000e+02      2.40112039e+01      
2.28924997e+02      2.22809157e+01      
2.29574995e+02      2.16645707e+01      
2.30237495e+02      2.18141138e+01      
2.30912498e+02      2.46793738e+01      
2.31587502e+02      2.29103253e+01      
2.32262505e+02      2.46292416e+01      
2.32937506e+02      2.19386483e+01      
2.33612505e+02      1.96888793e+01      
2.34287504e+02      1.71414313e+01      
2.34962503e+02      1.93415515e+01      
2.35587884e+02      2.48620242e+01      
2.36163647e+02      2.17009581e+01      
2.36739410e+02      2.12652999e+01      
2.37315172e+02      2.35795680e+01      
2.37665173e+02      2.21619178e+01      
2.37789411e+02      2.42345785e+01      
2.37913649e+02      2.10020436e+01      
2.38037887e+02      1.74775976e+01      
2.38462505e+02      1.84057161e+01      
2.39187504e+02      2.08934373e+01      
2.39912502e+02      1.83985718e+01      
2.40637501e+02      1.77125567e+01      
2.41362499e+02      2.03805865e+01      
2.42087498e+02      3.02318161e+01      
2.42812496e+02      3.20452925e+01      
2.43537495e+02      2.95556145e+01      
2.44274994e+02      2.92978207e+01      
2.45024994e+02      2.41144747e+01      
2.45774994e+02      2.23903785e+01      
2.46524994e+02      2.21237094e+01      
2.47287495e+02      2.50481825e+01      
2.48062496e+02      2.27213778e+01      
2.48837498e+02      1.93573222e+01      
2.49612499e+02      2.68614127e+01      
2.50400000e+02      2.71052027e+01      
2.51199999e+02      2.33197334e+01      
2.51999998e+02      1.85984649e+01      
2.52799997e+02      1.91158443e+01      
2.53599997e+02      2.37222128e+01      
2.54399996e+02      2.62213096e+01      
2.55199995e+02      3.22317279e+01      
2.55999994e+02      3.91490187e+01      
2.56812496e+02      5.08239121e+01      
2.57637501e+02      5.54290620e+01      
2.58462505e+02      5.65559544e+01      
2.59287510e+02      5.32865771e+01      
2.60137512e+02      4.01475057e+01      
2.61012512e+02      3.63276709e+01      
2.61887512e+02      4.50958512e+01      
2.62762512e+02      4.65318900e+01      
2.63637512e+02      8.07312896e+01      
2.64512512e+02      1.13312592e+02      
2.65387512e+02      1.13181855e+02      
2.66262512e+02      1.14945461e+02      
2.67150009e+02      1.12578565e+02      
2.68050003e+02      1.13381419e+02      
2.68949997e+02      1.08896419e+02      
2.69849991e+02      1.13223184e+02      
2.70762489e+02      1.20714699e+02      
2.71687492e+02      9.62203265e+01      
2.72612495e+02      9.21659334e+01      
2.73537498e+02      9.35838229e+01      
2.74125601e+02      6.71040620e+01      
2.74376802e+02      5.69352186e+01      
2.74628003e+02      6.11490508e+01      
2.74879204e+02      5.84917661e+01      
2.75354202e+02      7.70256049e+01      
2.76052998e+02      1.01082681e+02      
2.76751794e+02      1.14488460e+02      
2.77450590e+02      1.10719301e+02      
2.78287491e+02      7.83971286e+01      
2.79262497e+02      4.70112440e+01      
2.80237503e+02      3.70879372e+01      
2.81212509e+02      7.82155130e+01      
2.82113240e+02      1.22566107e+02      
2.82939697e+02      1.42231762e+02      
2.83766153e+02      1.40657804e+02      
2.84592609e+02      1.12636885e+02      
2.85092609e+02      6.79749248e+01      
2.85266153e+02      5.02069281e+01      
2.85439697e+02      5.55773503e+01      
2.85613240e+02      8.28413442e+01      
2.86225010e+02      1.40524932e+02      
2.87275005e+02      1.59583207e+02      
2.88325001e+02      1.39480375e+02      
2.89374996e+02      2.01730633e+02      
2.90424995e+02      2.71351956e+02      
2.91474998e+02      2.62365703e+02      
2.92525002e+02      2.32717365e+02      
2.93575005e+02      2.43224506e+02      
2.94650005e+02      2.29571354e+02      
2.95750004e+02      2.54348293e+02      
2.96850002e+02      2.11927325e+02      
2.97950001e+02      2.32956498e+02      
2.99062500e+02      2.14970626e+02      
3.00187500e+02      1.97511706e+02      
3.01312500e+02      2.09514918e+02      
3.02437500e+02      2.13842933e+02      
3.03513304e+02      2.82375824e+02      
3.04539913e+02      2.71602999e+02      
3.05566522e+02      2.67218935e+02      
3.06593131e+02      2.54743426e+02      
3.07180632e+02      2.80454182e+02      
3.07329027e+02      2.83497562e+02      
3.07477421e+02      2.87506454e+02      
3.07625815e+02      2.81489135e+02      
3.08300011e+02      2.84374888e+02      
3.09500008e+02      2.30024343e+02      
3.10700005e+02      3.04114159e+02      
3.11900002e+02      3.13203692e+02      
3.13125000e+02      3.08879251e+02      
3.14375000e+02      3.07283305e+02      
3.15625000e+02      2.79936093e+02      
3.16875000e+02      3.24484489e+02      
3.18125000e+02      3.11770942e+02      
3.19375000e+02      3.19743444e+02      
3.20625000e+02      3.56001797e+02      
3.21875000e+02      3.18055024e+02      
3.23125000e+02      2.92459943e+02      
3.24375000e+02      3.41885269e+02      
3.25625000e+02      4.08169952e+02      
3.26875000e+02      4.39859354e+02      
3.27713409e+02      4.30421429e+02      
3.28140227e+02      4.14756309e+02      
3.28567045e+02      4.13666242e+02      
3.28993862e+02      4.43091581e+02      
3.29618862e+02      4.93313172e+02      
3.30442045e+02      4.61555548e+02      
3.31265227e+02      4.37475216e+02      
3.32088409e+02      4.36031104e+02      
3.33125000e+02      4.23815231e+02      
3.34375000e+02      4.32149050e+02      
3.35625000e+02      4.15307602e+02      
3.36875000e+02      3.66436038e+02      
3.37962972e+02      4.05743139e+02      
3.38888917e+02      4.30566581e+02      
3.39814862e+02      4.53964119e+02      
3.40740807e+02      4.46281098e+02      
3.41365807e+02      4.17176336e+02      
3.41689862e+02      4.09977263e+02      
3.42013917e+02      4.54834744e+02      
3.42337972e+02      4.44002101e+02      
3.42812500e+02      4.61311689e+02      
3.43437500e+02      4.51348695e+02      
3.44062500e+02      3.62497637e+02      
3.44687500e+02      3.97482374e+02      
3.46250000e+02      4.24277691e+02      
3.48750000e+02      4.06790381e+02      
3.51250000e+02      4.56405615e+02      
3.53750000e+02      4.72058014e+02      
3.56250000e+02      4.33144575e+02      
3.58750000e+02      3.87392366e+02      
3.61250000e+02      4.27298982e+02      
3.63750000e+02      4.65634944e+02      
3.66250000e+02      5.45945039e+02      
3.68750000e+02      5.31993117e+02      
3.71250000e+02      5.19098029e+02      
3.73750000e+02      4.34950500e+02      
3.76250000e+02      4.97815860e+02      
3.78750000e+02      5.55664347e+02      
3.81250000e+02      4.91633495e+02      
3.83750000e+02      3.51516272e+02      
3.85625050e+02      4.52166148e+02      
3.86875151e+02      4.57941606e+02      
3.88125252e+02      4.51878693e+02      
3.89375353e+02      5.06959997e+02      
3.90625353e+02      5.56139119e+02      
3.91875252e+02      5.50788711e+02      
3.93125151e+02      3.23560082e+02      
3.94375050e+02      4.54526774e+02      
3.96250000e+02      4.31111398e+02      
3.98750000e+02      6.51628969e+02      
4.01250000e+02      7.65909986e+02      
4.03750000e+02      7.57701019e+02      
4.06250000e+02      7.31138599e+02      
4.08750000e+02      7.50321404e+02      
4.11250000e+02      7.53755780e+02      
4.13750000e+02      7.78914772e+02      
4.16250000e+02      7.83365848e+02      
4.18750000e+02      7.64792547e+02      
4.21250000e+02      7.85167105e+02      
4.23750000e+02      7.57624000e+02      
4.26250000e+02      7.53578067e+02      
4.28750000e+02      7.10277332e+02      
4.31250000e+02      6.47301476e+02      
4.33750000e+02      7.24124955e+02      
4.36250000e+02      7.95822047e+02      
4.38750000e+02      7.74716592e+02      
4.41250000e+02      8.34859334e+02      
4.43750000e+02      8.65433225e+02      
4.45625561e+02      8.31755750e+02      
4.46876683e+02      8.67054236e+02      
4.48127805e+02      8.95158226e+02      
4.49378927e+02      8.96009401e+02      
4.50628927e+02      9.48118035e+02      
4.51877805e+02      9.33854477e+02      
4.53126683e+02      8.46161421e+02      
4.54375561e+02      9.13915168e+02      
4.56250000e+02      9.24582597e+02      
4.58750000e+02      9.14730470e+02      
4.61250000e+02      9.22034698e+02      
4.63750000e+02      9.18954009e+02      
4.66250000e+02      8.91621588e+02      
4.68750000e+02      9.00605929e+02      
4.71250000e+02      8.86916948e+02      
4.73750000e+02      9.15677554e+02      
4.76250000e+02      9.11972818e+02      
4.78750000e+02      9.26796853e+02      
4.81250000e+02      9.27235162e+02      
4.83750000e+02      9.05431791e+02      
4.86250000e+02      7.86588277e+02      
4.88750000e+02      8.67029678e+02      
4.91250000e+02      8.71501520e+02      
4.93750000e+02      8.79117391e+02      
4.96250000e+02      8.88069899e+02      
4.98750000e+02      8.66516414e+02      
5.01250000e+02      8.20049721e+02      
5.03750000e+02      8.52144319e+02      
5.06250000e+02      8.69337213e+02      
5.08750000e+02      8.25897616e+02      
5.11250000e+02      8.57251625e+02      
5.13750000e+02      8.11435116e+02      
5.16250000e+02      7.71337526e+02      
5.18750000e+02      7.72933523e+02      
5.21250000e+02      8.26434189e+02      
5.23750000e+02      8.16356916e+02      
5.26250000e+02      7.94758957e+02      
5.28750000e+02      8.34045002e+02      
5.31250000e+02      8.48324524e+02      
5.33750000e+02      8.06120856e+02      
5.35626888e+02      8.47675676e+02      
5.36880663e+02      8.21435080e+02      
5.38134438e+02      8.37451436e+02      
5.39388214e+02      8.21827180e+02      
5.40638214e+02      7.86781031e+02      
5.41884438e+02      8.23780070e+02      
5.43130663e+02      8.10146616e+02      
5.44376888e+02      8.34897475e+02      
5.45563869e+02      8.38273093e+02      
5.46691608e+02      8.40630112e+02      
5.47819347e+02      8.20636985e+02      
5.48947086e+02      8.29949675e+02      
5.50197086e+02      8.36056678e+02      
5.51569347e+02      8.29046573e+02      
5.52941608e+02      8.19290784e+02      
5.54313869e+02      8.40037120e+02      
5.56250000e+02      8.21199728e+02      
5.58750000e+02      7.94773269e+02      
5.61250000e+02      8.01688559e+02      
5.63750000e+02      8.18684531e+02      
5.65200540e+02      8.08872848e+02      
5.65601619e+02      7.94819865e+02      
5.66002698e+02      7.58741355e+02      
5.66403777e+02      7.93187140e+02      
5.67653777e+02      8.08469947e+02      
5.69752698e+02      7.95319036e+02      
5.71851619e+02      7.97224633e+02      
5.73950540e+02      8.20877649e+02      
5.76250000e+02      8.02500778e+02      
5.78750000e+02      7.95970800e+02      
5.81250000e+02      8.05720202e+02      
5.83750000e+02      8.10194971e+02      
5.86250000e+02      7.89370287e+02      
5.88750000e+02      7.51325669e+02      
5.91250000e+02      7.87758020e+02      
5.93750000e+02      7.84199877e+02      
5.96250000e+02      7.80306983e+02      
5.98750000e+02      7.72898255e+02      
6.01250000e+02      7.59462397e+02      
6.03750000e+02      7.69620065e+02      
6.05004234e+02      7.75332996e+02      
6.05012703e+02      7.76710939e+02      
6.05021172e+02      7.76867336e+02      
6.05029640e+02      7.72520021e+02      
6.06279640e+02      7.71401636e+02      
6.08771172e+02      7.64911581e+02      
6.11262703e+02      7.57102230e+02      
6.13754234e+02      7.42743747e+02      
6.16250000e+02      7.30001901e+02      
6.18750000e+02      7.46047315e+02      
6.21250000e+02      7.45733904e+02      
6.23750000e+02      7.25709712e+02      
6.26250000e+02      7.30736017e+02      
6.28750000e+02      7.40324531e+02      
6.31250000e+02      7.21648126e+02      
6.33750000e+02      7.24433143e+02      
6.36250000e+02      7.21300860e+02      
6.38750000e+02      7.22125925e+02      
6.41250000e+02      7.05268428e+02      
6.43750000e+02      7.13596598e+02      
6.46250000e+02      7.03112902e+02      
6.48750000e+02      6.97285605e+02      
6.51250000e+02      7.03249691e+02      
6.53750000e+02      6.93363215e+02      
6.56250000e+02      6.15099216e+02      
6.58750000e+02      6.73973274e+02      
6.61250000e+02      6.86028422e+02      
6.63750000e+02      6.73174057e+02      
6.65208336e+02      6.73256913e+02      
6.65625007e+02      6.77011545e+02      
6.66041679e+02      6.74185994e+02      
6.66458351e+02      6.60392164e+02      
6.67708351e+02      6.73746647e+02      
6.69791679e+02      6.78650315e+02      
6.71875007e+02      6.76261705e+02      
6.73958336e+02      6.77188523e+02      
6.76250000e+02      6.69666565e+02      
6.78750000e+02      6.61608185e+02      
6.81250000e+02      6.56480807e+02      
6.83750000e+02      6.53064603e+02      
6.85760623e+02      6.56589694e+02      
6.87281868e+02      6.62550653e+02      
6.88803113e+02      6.53689514e+02      
6.90324358e+02      6.49022528e+02      
6.91574358e+02      6.41072165e+02      
6.92553113e+02      6.39810713e+02      
6.93531868e+02      6.40610686e+02      
6.94510623e+02      6.41807154e+02      
6.96250000e+02      6.47427439e+02      
6.98750000e+02      6.41077055e+02      
7.01250000e+02      6.31774813e+02      
7.03750000e+02      6.37115168e+02      
7.06250000e+02      6.32923961e+02      
7.08750000e+02      6.26096163e+02      
7.11250000e+02      6.18097600e+02      
7.13750000e+02      6.09478676e+02      
7.16250000e+02      6.04397633e+02      
7.18750000e+02      5.97075985e+02      
7.21250000e+02      5.98044076e+02      
7.23750000e+02      5.97080942e+02      
7.26250000e+02      5.93600909e+02      
7.28750000e+02      5.81249760e+02      
7.31250000e+02      5.85965115e+02      
7.33750000e+02      5.85425355e+02      
7.36250000e+02      5.79762269e+02      
7.38750000e+02      5.69467831e+02      
7.41250000e+02      5.63237897e+02      
7.43750000e+02      5.70247980e+02      
7.45859962e+02      5.69243346e+02      
7.47579885e+02      5.71306054e+02      
7.49299808e+02      5.62581813e+02      
7.51019731e+02      5.60713240e+02      
7.52269731e+02      5.60588841e+02      
7.53049808e+02      5.62012721e+02      
7.53829885e+02      5.64780815e+02      
7.54609962e+02      5.62055441e+02      
7.56250000e+02      5.59579970e+02      
7.58750000e+02      5.54299903e+02      
7.61250000e+02      5.44548278e+02      
7.63750000e+02      5.49356725e+02      
7.66250000e+02      5.31047392e+02      
7.68750000e+02      5.38195953e+02      
7.71250000e+02      5.32199052e+02      
7.73750000e+02      5.31288291e+02      
7.75857604e+02      5.24466705e+02      
7.77572811e+02      5.22336409e+02      
7.79288018e+02      5.20697316e+02      
7.81003225e+02      5.18782578e+02      
7.82253225e+02      5.23352056e+02      
7.83038018e+02      5.15325815e+02      
7.83822811e+02      5.10238447e+02      
7.84607604e+02      5.16794847e+02      
7.86250000e+02      5.11934962e+02      
7.88750000e+02      5.14496575e+02      
7.91250000e+02      5.08884801e+02      
7.93750000e+02      4.94420376e+02      
7.96250000e+02      5.05032822e+02      
7.98750000e+02      5.00817620e+02      
8.01250000e+02      4.98249789e+02      
8.03750000e+02      4.94476244e+02      
8.06250000e+02      4.93859262e+02      
8.08750000e+02      4.88831830e+02      
8.11250000e+02      4.92320980e+02      
8.13750000e+02      4.93034081e+02      
8.16250000e+02      4.87826848e+02      
8.18750000e+02      4.74637967e+02      
8.21250000e+02      4.70159141e+02      
8.23750000e+02      4.75711981e+02      
8.26250000e+02      4.75433663e+02      
8.28750000e+02      4.70806004e+02      
8.31250000e+02      4.68728167e+02      
8.33750000e+02      4.53827041e+02      
8.35932497e+02      4.63358768e+02      
8.37797491e+02      4.58975117e+02      
8.39662485e+02      4.56458098e+02      
8.41527480e+02      4.57550955e+02      
8.42777480e+02      4.47602372e+02      
8.43412485e+02      4.44749485e+02      
8.44047491e+02      4.41822086e+02      
8.44682497e+02      4.54834929e+02      
8.46250000e+02      4.50515120e+02      
8.48750000e+02      4.35221350e+02      
8.51250000e+02      4.24181448e+02      
8.53750000e+02      3.78364339e+02      
8.56250000e+02      4.30188830e+02      
8.58750000e+02      4.32833632e+02      
8.61250000e+02      4.35357502e+02      
8.63750000e+02      4.41208496e+02      
8.66250000e+02      4.00422372e+02      
8.68750000e+02      4.31535846e+02      
8.71250000e+02      4.40037584e+02      
8.73750000e+02      4.31591669e+02      
8.76250000e+02      4.22624536e+02      
8.78750000e+02      4.24915111e+02      
8.81250000e+02      4.14384784e+02      
8.83750000e+02      4.16136149e+02      
8.85783196e+02      4.12049246e+02      
8.87349589e+02      4.05550478e+02      
8.88915982e+02      4.14046456e+02      
8.90482375e+02      4.15388234e+02      
8.91732375e+02      4.10096424e+02      
8.92665982e+02      4.00136480e+02      
8.93599589e+02      4.07665281e+02      
8.94533196e+02      3.99571942e+02      
8.96250000e+02      4.06387147e+02      
8.98750000e+02      4.02701054e+02      
9.01250000e+02      3.83536852e+02      
9.03750000e+02      4.00159436e+02      
9.06250000e+02      3.95802879e+02      
9.08750000e+02      3.84850352e+02      
9.11250000e+02      3.86112661e+02      
9.13750000e+02      3.91948052e+02      
9.16250000e+02      3.86819785e+02      
9.18750000e+02      3.85137899e+02      
9.21250000e+02      3.74762415e+02      
9.23750000e+02      3.66504694e+02      
9.26250000e+02      3.71532161e+02      
9.28750000e+02      3.76898549e+02      
9.31250000e+02      3.75683229e+02      
9.33750000e+02      3.74924142e+02      
9.36250000e+02      3.69511908e+02      
9.38750000e+02      3.69364521e+02      
9.41250000e+02      3.55342837e+02      
9.43750000e+02      3.60429816e+02      
9.46250000e+02      3.62245469e+02      
9.48750000e+02      3.62997934e+02      
9.51250000e+02      3.58969627e+02      
9.53750000e+02      3.51183050e+02      
9.55817304e+02      3.45231953e+02      
9.57451913e+02      3.51349354e+02      
9.59086521e+02      3.54872301e+02      
9.60721130e+02      3.48788746e+02      
9.61971130e+02      3.51747486e+02      
9.62836521e+02      3.45694635e+02      
9.63701913e+02      3.45678588e+02      
9.64567304e+02      3.47257358e+02      
9.66250000e+02      3.43544973e+02      
9.68750000e+02      3.44318169e+02      
9.71250000e+02      3.43557338e+02      
9.73750000e+02      3.38438838e+02      
9.76250000e+02      3.38492289e+02      
9.78750000e+02      3.36387076e+02      
9.81250000e+02      3.36702485e+02      
9.83750000e+02      3.34040155e+02      
9.86250000e+02      3.32050268e+02      
9.88750000e+02      3.28777388e+02      
9.91250000e+02      3.28007381e+02      
9.93750000e+02      3.28155484e+02      
9.96250000e+02      3.26384495e+02      
9.98750000e+02      3.24392750e+02      
1.00125000e+03      3.23546324e+02      
1.00375000e+03      3.15512232e+02      
1.00625000e+03      3.08664091e+02      
1.00875000e+03      3.17577433e+02      
1.01125000e+03      3.16011417e+02      
1.01375000e+03      3.13192779e+02      
1.01625000e+03      3.10263308e+02      
1.01875000e+03      3.07186501e+02      
1.02125000e+03      3.06332212e+02      
1.02375000e+03      3.08302835e+02      
1.02625000e+03      3.06874210e+02      
1.02875000e+03      3.04362599e+02      
1.03125000e+03      3.02879870e+02      
1.03375000e+03      2.97574071e+02      
1.03515868e+03      2.95646801e+02      
1.03547603e+03      2.99384448e+02      
1.03579339e+03      2.99952130e+02      
1.03611075e+03      3.00197982e+02      
1.03736075e+03      2.94904337e+02      
1.03954339e+03      2.96101128e+02      
1.04172603e+03      2.95473379e+02      
1.04390868e+03      2.94363875e+02      
1.04625000e+03      2.89203358e+02      
1.04875000e+03      2.92246905e+02      
1.05125000e+03      2.90340572e+02      
1.05375000e+03      2.88627280e+02      
1.05625000e+03      2.88936721e+02      
1.05875000e+03      2.83053303e+02      
1.06125000e+03      2.82510801e+02      
1.06375000e+03      2.82906118e+02      
1.06556484e+03      2.83261900e+02      
1.06669451e+03      2.77266464e+02      
1.06782418e+03      2.81291462e+02      
1.06895385e+03      2.66684085e+02      
1.07020385e+03      2.76419658e+02      
1.07157418e+03      2.78554271e+02      
1.07294451e+03      2.73059286e+02      
1.07431484e+03      2.75700430e+02      
1.07625000e+03      2.75890729e+02      
1.07875000e+03      2.73549523e+02      
1.08125000e+03      2.70112060e+02      
1.08375000e+03      2.68374677e+02      
1.08687500e+03      2.67109797e+02      
1.09062500e+03      2.67748817e+02      
1.09437500e+03      2.55536069e+02      
1.09812500e+03      2.59165857e+02      
1.10374294e+03      2.58812269e+02      
1.11122881e+03      2.56377344e+02      
1.11871468e+03      2.52206571e+02      
1.12620055e+03      2.46600459e+02      
1.13903128e+03      2.40629763e+02      
1.15720685e+03      2.33911630e+02      
1.17538242e+03      2.26018878e+02      
1.19355799e+03      2.18032677e+02      
1.21571375e+03      2.10718987e+02      
1.24184971e+03      2.01833449e+02      
1.26798566e+03      1.93922587e+02      
1.29412161e+03      1.84331055e+02      
1.32261778e+03      1.76612116e+02      
1.35347418e+03      1.68475800e+02      
1.38433059e+03      1.60639118e+02      
1.41518699e+03      1.52190273e+02      
1.44740644e+03      1.45040687e+02      
1.48098895e+03      1.37256512e+02      
1.51457146e+03      1.29459276e+02      
1.54815397e+03      1.22855849e+02      
1.58029753e+03      1.15292674e+02      
1.61100215e+03      1.09882813e+02      
1.64170676e+03      1.03698133e+02      
1.67241138e+03      9.75603605e+01      
1.70956790e+03      9.18883248e+01      
1.75317633e+03      8.40179621e+01      
1.79678476e+03      7.75497797e+01      
1.84039319e+03      7.18462216e+01      
1.88194796e+03      6.57934749e+01      
1.92144910e+03      6.18859408e+01      
1.96095023e+03      5.69505191e+01      
2.00045136e+03      5.33471587e+01      
2.04300708e+03      4.94029582e+01      
2.08861738e+03      4.58237819e+01      
2.13422769e+03      4.25174840e+01      
2.17983800e+03      3.88887338e+01      
2.23748645e+03      3.53718810e+01      
2.30717304e+03      3.14622197e+01      
2.37685964e+03      2.78592006e+01      
2.44654623e+03      2.52005626e+01      
2.50366265e+03      2.32789200e+01      
2.54820889e+03      2.18275700e+01      
2.59275514e+03      2.05595820e+01      
2.63730139e+03      1.93242354e+01      
2.69209120e+03      1.79984723e+01      
2.75712457e+03      1.66241242e+01      
2.82215795e+03      1.53214798e+01      
2.88719133e+03      1.41635959e+01      
2.94894192e+03      1.31445518e+01      
3.00740972e+03      1.22568091e+01      
3.06587753e+03      1.14502750e+01      
3.12434533e+03      1.07634537e+01      
3.16430572e+03      1.02838398e+01      
3.18575868e+03      9.98836950e+00      
3.20721164e+03      9.75547787e+00      
3.22866461e+03      9.53353595e+00      
3.24919847e+03      9.30822983e+00      
3.26881322e+03      9.11399570e+00      
3.28842798e+03      8.92613291e+00      
3.30804273e+03      8.72656113e+00      
3.32814434e+03      8.54956126e+00      
3.34873280e+03      8.35852874e+00      
3.36932126e+03      8.17532062e+00      
3.38990971e+03      8.00581473e+00      
3.41102225e+03      7.82043543e+00      
3.43265885e+03      7.64735078e+00      
3.45429546e+03      7.48256294e+00      
3.47593206e+03      7.31001779e+00      
3.49797380e+03      7.14434298e+00      
3.52042067e+03      6.98707437e+00      
3.54286754e+03      6.82891197e+00      
3.56531441e+03      6.66669038e+00      
3.58902943e+03      6.51231312e+00      
3.61401260e+03      6.35431793e+00      
3.63899577e+03      6.19909295e+00      
3.66397893e+03      6.04742578e+00      
3.68950149e+03      5.89214358e+00      
3.71556345e+03      5.74519966e+00      
3.74162540e+03      5.60184503e+00      
3.76768735e+03      5.44636784e+00      
3.80933142e+03      5.22783607e+00      
3.86655760e+03      4.97255865e+00      
3.92378378e+03      4.71328012e+00      
3.98100996e+03      4.48018176e+00      
4.02990538e+03      4.28276338e+00      
4.07047004e+03      4.11927435e+00      
4.11103469e+03      3.97465996e+00      
4.15159935e+03      3.81073722e+00      
4.21857828e+03      3.59451452e+00      
4.31197149e+03      3.33522092e+00      
4.40536469e+03      3.08229009e+00      
4.49875790e+03      2.85492671e+00      
4.58702880e+03      2.65685152e+00      
4.67017740e+03      2.48300432e+00      
4.75332600e+03      2.32608717e+00      
4.83647460e+03      2.18406150e+00      
4.90931845e+03      2.06674506e+00      
4.97185755e+03      1.96647495e+00      
5.03439665e+03      1.87782699e+00      
5.09693575e+03      1.79178221e+00      
5.16285533e+03      1.70753889e+00      
5.23215538e+03      1.62577601e+00      
5.30145544e+03      1.54744196e+00      
5.37075549e+03      1.47291641e+00      
5.44401556e+03      1.40047304e+00      
5.52123564e+03      1.32827811e+00      
5.59845573e+03      1.26102632e+00      
5.67567581e+03      1.19707446e+00      
5.75757587e+03      1.13412660e+00      
5.84415591e+03      1.07283093e+00      
5.93073595e+03      1.01492312e+00      
6.01731598e+03      9.59922178e-01      
6.10948187e+03      9.06296619e-01      
6.20723361e+03      8.54108029e-01      
6.30498534e+03      8.05147857e-01      
6.40273708e+03      7.58867409e-01      
6.50723028e+03      7.13717450e-01      
6.61846495e+03      6.69680595e-01      
6.72969961e+03      6.28823528e-01      
6.84093428e+03      5.89806389e-01      
6.96040857e+03      5.52361483e-01      
7.08812249e+03      5.16005867e-01      
7.21583641e+03      4.81984618e-01      
7.34355032e+03      4.51145439e-01      
7.46187353e+03      4.24480051e-01      
7.57080603e+03      4.01127335e-01      
7.67973852e+03      3.79835743e-01      
7.78867102e+03      3.59569489e-01      
7.90441173e+03      3.39753048e-01      
8.02696067e+03      3.20509625e-01      
8.14950961e+03      3.02431332e-01      
8.27205855e+03      2.84705470e-01      
8.41982520e+03      2.66072225e-01      
8.59280956e+03      2.46840337e-01      
8.76579392e+03      2.28474284e-01      
8.93877828e+03      2.12908003e-01      
9.07082057e+03      2.01146728e-01      
9.16192079e+03      1.92679250e-01      
9.25302100e+03      1.85427317e-01      
9.34412122e+03      1.78029780e-01      
9.46596241e+03      1.69365310e-01      
9.61854458e+03      1.59718047e-01      
9.77112675e+03      1.50308374e-01      
9.92370892e+03      1.41526599e-01      
1.00797873e+04      1.33178885e-01      
1.02393618e+04      1.25366390e-01      
1.03989363e+04      1.18088182e-01      
1.05585108e+04      1.11140582e-01      
1.07370822e+04      1.04132281e-01      
1.09346507e+04      9.72014033e-02      
1.11322191e+04      9.06888599e-02      
1.13297875e+04      8.44135873e-02      
1.15625002e+04      7.80162486e-02      
1.18303573e+04      7.15869715e-02      
1.20982144e+04      6.56026711e-02      
1.23660715e+04      6.00597258e-02      
1.26736112e+04      5.45888764e-02      
1.30208335e+04      4.92695457e-02      
1.33680558e+04      4.44661409e-02      
1.37152781e+04      4.03201066e-02      
1.40268412e+04      3.69379288e-02      
1.43027449e+04      3.41332466e-02      
1.45786486e+04      3.16781736e-02      
1.48545523e+04      2.94108794e-02      
1.51443729e+04      2.72716584e-02      
1.54481106e+04      2.52585510e-02      
1.57518482e+04      2.33921970e-02      
1.60555859e+04      2.15583951e-02      
1.64751008e+04      1.94948548e-02      
1.70103929e+04      1.73134397e-02      
1.75456851e+04      1.53316517e-02      
1.80809772e+04      1.36512620e-02      
1.85802979e+04      1.22623719e-02      
1.90436473e+04      1.11066019e-02      
1.95069966e+04      1.01079621e-02      
1.99703460e+04      9.17446574e-03      
2.05176771e+04      8.25106269e-03      
2.11489899e+04      7.35313647e-03      
2.17803028e+04      6.54853001e-03      
2.24116156e+04      5.81653850e-03      
2.31758368e+04      5.09910395e-03      
2.40729663e+04      4.41419602e-03      
2.49700959e+04      3.81978490e-03      
2.58672254e+04      3.31654133e-03      
2.68141952e+04      2.87788900e-03      
2.78110051e+04      2.49493223e-03      
2.88078151e+04      2.17094861e-03      
2.98046250e+04      1.88625206e-03      
3.09794371e+04      1.61953134e-03      
3.23322513e+04      1.37528556e-03      
3.36850655e+04      1.16895282e-03      
3.50378797e+04      9.85387845e-04      
3.69318190e+04      8.01133056e-04      
3.93668833e+04      6.31258593e-04      
4.18019476e+04      4.97178742e-04      
4.42370119e+04      3.89381372e-04      
4.75852261e+04      2.92284799e-04      
5.18465900e+04      2.11933800e-04      
5.61079540e+04      1.54680910e-04      
6.03693180e+04      1.11083782e-04      
6.71875000e+04      7.32229639e-05      
7.65625000e+04      4.52243242e-05      
8.59375000e+04      2.84689233e-05      
9.53125000e+04      1.96912199e-05      
1.00000000e+05      8.68934825e-06      
