Wavelength(nm)      SolarFlux(mW/m^2/nm)
1.00000000e+00      6.20941633e-03      
1.37500000e+00      4.96735081e-03      
2.12500000e+00      4.77115367e-02      
2.87500000e+00      6.10765748e-02      
3.62500000e+00      4.50624652e-02      
4.12500000e+00      5.65870349e-02      
4.37500000e+00      6.23493198e-02      
4.62500000e+00      6.23493198e-02      
4.87500000e+00      6.23493198e-02      
5.12500000e+00      1.07165741e-01      
5.37500000e+00      1.07165741e-01      
5.62500000e+00      1.07165741e-01      
5.87500000e+00      1.07165741e-01      
6.12500000e+00      9.53191882e-02      
6.37500000e+00      9.53191882e-02      
6.62500000e+00      9.53191882e-02      
6.87500000e+00      9.53191882e-02      
7.12500000e+00      1.00057809e-01      
7.37500000e+00      1.00057809e-01      
7.62500000e+00      1.00057809e-01      
7.87500000e+00      1.00057809e-01      
8.12500000e+00      6.09732971e-02      
8.37500000e+00      6.09732971e-02      
8.62500000e+00      6.09732971e-02      
8.87500000e+00      6.09732971e-02      
9.12500000e+00      6.84275128e-02      
9.37500000e+00      6.84275128e-02      
9.62500000e+00      6.84275128e-02      
9.87500000e+00      6.84275128e-02      
1.01250000e+01      2.37660079e-02      
1.03750000e+01      2.37660079e-02      
1.06250000e+01      2.37660079e-02      
1.08750000e+01      2.37660079e-02      
1.11250000e+01      1.70316982e-02      
1.13750000e+01      1.70316982e-02      
1.16250000e+01      1.70316982e-02      
1.18750000e+01      1.70316982e-02      
1.21000000e+01      1.10451681e-02      
1.23000001e+01      1.06710105e-02      
1.25000001e+01      1.06710105e-02      
1.27000002e+01      1.06710105e-02      
1.31125002e+01      1.03649103e-02      
1.37375002e+01      1.20907811e-02      
1.43625002e+01      3.27147118e-02      
1.49875002e+01      3.58799939e-02      
1.55875002e+01      3.94581343e-02      
1.61625003e+01      5.05693355e-02      
1.67375003e+01      6.16639901e-02      
1.73125004e+01      2.37842334e-01      
1.79625003e+01      1.81538844e-01      
1.86875002e+01      1.18984014e-01      
1.94125001e+01      1.22292878e-01      
2.01375000e+01      7.93599628e-02      
2.08250000e+01      5.62664410e-02      
2.14750001e+01      4.58188220e-02      
2.21250002e+01      5.86446496e-02      
2.27750003e+01      5.63988468e-02      
2.35875003e+01      3.63852473e-02      
2.45625002e+01      8.38443985e-02      
2.55375001e+01      1.31758195e-01      
2.65125000e+01      4.47344068e-02      
2.71250000e+01      6.43967804e-02      
2.73750000e+01      7.86519993e-02      
2.76250000e+01      7.86519993e-02      
2.78750000e+01      8.21676918e-02      
2.82500000e+01      9.62304615e-02      
2.87500000e+01      9.62304615e-02      
2.92500000e+01      2.75295667e-02      
2.97500000e+01      2.75295667e-02      
3.02500000e+01      5.84126191e-01      
3.07500000e+01      5.84126191e-01      
3.12500000e+01      1.13453527e-01      
3.17500000e+01      1.13453527e-01      
3.22500000e+01      1.57559155e-01      
3.27500000e+01      1.57559155e-01      
3.32500000e+01      1.54734208e-01      
3.37500000e+01      1.54734208e-01      
3.42500000e+01      6.61584423e-02      
3.47500000e+01      6.61584423e-02      
3.52500000e+01      5.69181309e-02      
3.57500000e+01      5.69181309e-02      
3.61250000e+01      7.30950547e-02      
3.63750000e+01      7.71392856e-02      
3.66250000e+01      7.71392856e-02      
3.68750000e+01      5.56666489e-02      
3.73750000e+01      1.27213754e-02      
3.81250000e+01      7.87704649e-03      
3.88750000e+01      5.44394675e-03      
3.96250000e+01      5.42207619e-03      
4.03750000e+01      9.09359636e-03      
4.11250000e+01      1.49263531e-02      
4.18750000e+01      1.33662531e-02      
4.26250000e+01      4.41329664e-03      
4.33750000e+01      1.02882757e-02      
4.41250000e+01      6.12071906e-03      
4.48750000e+01      4.19702111e-03      
4.56250000e+01      4.51718179e-03      
4.62500000e+01      1.50174804e-02      
4.67500000e+01      1.63300177e-02      
4.72500000e+01      6.48462087e-03      
4.77500000e+01      6.48462087e-03      
4.82500000e+01      1.07985887e-02      
4.87500000e+01      1.07985887e-02      
4.92500000e+01      3.84466209e-02      
4.97500000e+01      3.84466209e-02      
5.02500000e+01      1.56647882e-02      
5.07500000e+01      1.56647882e-02      
5.12500000e+01      5.36831107e-03      
5.17500000e+01      5.36831107e-03      
5.22500000e+01      9.45901695e-03      
5.27500000e+01      9.45901695e-03      
5.32500000e+01      6.97124082e-03      
5.37500000e+01      6.97124082e-03      
5.42500000e+01      4.49348869e-03      
5.47500000e+01      4.49348869e-03      
5.52500000e+01      2.01209147e-02      
5.57500000e+01      2.01209147e-02      
5.62500000e+01      6.13469192e-03      
5.67500000e+01      6.13469192e-03      
5.72500000e+01      6.11191009e-03      
5.77500000e+01      6.11191009e-03      
5.82500000e+01      3.46192730e-02      
5.87500000e+01      3.46192730e-02      
5.92500000e+01      7.22457480e-03      
5.97500000e+01      7.22457480e-03      
6.02500000e+01      2.97166226e-02      
6.07500000e+01      2.97166226e-02      
6.12500000e+01      9.03618614e-03      
6.17500000e+01      9.03618614e-03      
6.21250000e+01      3.31987802e-02      
6.23750000e+01      3.92394287e-02      
6.26250000e+01      3.92394287e-02      
6.28750000e+01      2.45861539e-02      
6.36250000e+01      8.01624348e-03      
6.48750000e+01      2.07569834e-03      
6.61250000e+01      1.66781241e-03      
6.73750000e+01      1.61842140e-03      
6.83750000e+01      5.04480904e-03      
6.91250000e+01      4.64779764e-03      
6.98750000e+01      6.40321379e-03      
7.06250000e+01      1.08806033e-02      
7.13750000e+01      4.76687068e-03      
7.21250000e+01      3.98803576e-03      
7.28750000e+01      3.96191259e-03      
7.36250000e+01      4.68850118e-03      
7.43750000e+01      5.77747278e-03      
7.51250000e+01      7.79017176e-03      
7.58750000e+01      1.32547740e-02      
7.66250000e+01      2.21712796e-02      
7.71250000e+01      2.10109249e-02      
7.73750000e+01      2.04307476e-02      
7.76250000e+01      2.04307476e-02      
7.78750000e+01      2.04307476e-02      
7.81250000e+01      2.84681782e-02      
7.83750000e+01      2.84681782e-02      
7.86250000e+01      2.84681782e-02      
7.88750000e+01      2.84681782e-02      
7.91250000e+01      1.33045903e-02      
7.93750000e+01      1.33045903e-02      
7.96250000e+01      1.33045903e-02      
7.98750000e+01      1.34625444e-02      
8.03750000e+01      1.37784524e-02      
8.11250000e+01      1.50299345e-02      
8.18750000e+01      1.81495267e-02      
8.26250000e+01      2.31372293e-02      
8.30749998e+01      3.11883162e-02      
8.32249994e+01      3.92394287e-02      
8.33749990e+01      3.92394287e-02      
8.35249987e+01      3.92394287e-02      
8.38999987e+01      3.49288986e-02      
8.44999990e+01      2.87324474e-02      
8.50999994e+01      3.09073496e-02      
8.56999998e+01      3.19948059e-02      
8.60625000e+01      3.29808500e-02      
8.61875000e+01      3.39175926e-02      
8.63125000e+01      3.39175926e-02      
8.64375000e+01      3.39175926e-02      
8.65625000e+01      3.39175926e-02      
8.66875000e+01      3.39175926e-02      
8.68125000e+01      3.39175926e-02      
8.69375000e+01      3.39175926e-02      
8.70625000e+01      4.03694076e-02      
8.71875000e+01      4.03694076e-02      
8.73125000e+01      4.03694076e-02      
8.74375000e+01      4.03694076e-02      
8.75625000e+01      4.03694076e-02      
8.76875000e+01      4.03694076e-02      
8.78125000e+01      4.03694076e-02      
8.79375000e+01      4.03694076e-02      
8.80625000e+01      4.61377677e-02      
8.81875000e+01      4.61377677e-02      
8.83125000e+01      4.61377677e-02      
8.84375000e+01      4.61377677e-02      
8.85625000e+01      4.61377677e-02      
8.86875000e+01      4.61377677e-02      
8.88125000e+01      4.61377677e-02      
8.89375000e+01      4.61377677e-02      
8.90625000e+01      5.61162104e-02      
8.91875000e+01      5.61162104e-02      
8.93125000e+01      5.61162104e-02      
8.94375000e+01      5.61162104e-02      
8.95625000e+01      5.61162104e-02      
8.96875000e+01      5.61162104e-02      
8.98125000e+01      5.61162104e-02      
8.99375000e+01      5.61162104e-02      
9.00625000e+01      6.60855404e-02      
9.01875000e+01      6.60855404e-02      
9.03125000e+01      6.60855404e-02      
9.04375000e+01      6.60855404e-02      
9.05749998e+01      6.60855404e-02      
9.07249994e+01      6.60855404e-02      
9.08749990e+01      6.60855404e-02      
9.10249987e+01      5.61751664e-02      
9.11499987e+01      5.05118795e-02      
9.12499990e+01      5.05118795e-02      
9.13499994e+01      5.05118795e-02      
9.14499998e+01      5.05118795e-02      
9.15625000e+01      5.05118795e-02      
9.16875000e+01      5.05118795e-02      
9.18125000e+01      5.05118795e-02      
9.19375000e+01      5.05118795e-02      
9.20375004e+01      2.26736806e-02      
9.21125011e+01      1.80340988e-02      
9.21875019e+01      1.80340988e-02      
9.22625027e+01      1.80340988e-02      
9.23500023e+01      1.80340988e-02      
9.24500008e+01      1.80340988e-02      
9.25499992e+01      1.80340988e-02      
9.26499977e+01      1.80340988e-02      
9.27374973e+01      1.80340988e-02      
9.28124981e+01      1.80340988e-02      
9.28874989e+01      1.80340988e-02      
9.29624996e+01      1.80340988e-02      
9.30375004e+01      1.57832537e-02      
9.31125011e+01      1.57832537e-02      
9.31875019e+01      1.57832537e-02      
9.32625027e+01      1.57832537e-02      
9.33625031e+01      1.57832537e-02      
9.34875031e+01      1.57832537e-02      
9.36125031e+01      1.57832537e-02      
9.37375031e+01      1.57832537e-02      
9.38500023e+01      1.57832537e-02      
9.39500008e+01      1.57832537e-02      
9.40499992e+01      1.12542254e-02      
9.41499977e+01      1.12542254e-02      
9.42749977e+01      1.12542254e-02      
9.44249992e+01      1.12542254e-02      
9.45750008e+01      1.12542254e-02      
9.47250023e+01      1.12542254e-02      
9.48375025e+01      1.12542254e-02      
9.49125013e+01      1.12542254e-02      
9.49875002e+01      9.66162338e-03      
9.50624990e+01      6.47641941e-03      
9.51374989e+01      6.47641941e-03      
9.52124996e+01      6.47641941e-03      
9.52875004e+01      6.47641941e-03      
9.53625011e+01      6.47641941e-03      
9.54250011e+01      6.47641941e-03      
9.54750004e+01      6.47641941e-03      
9.55249996e+01      6.47641941e-03      
9.55749989e+01      6.47641941e-03      
9.56124983e+01      6.47641941e-03      
9.56374979e+01      6.47641941e-03      
9.56624975e+01      6.47641941e-03      
9.56874971e+01      6.47641941e-03      
9.57499971e+01      6.47641941e-03      
9.58499975e+01      6.47641941e-03      
9.59499979e+01      6.47641941e-03      
9.60499983e+01      6.73430513e-03      
9.61624985e+01      6.73430976e-03      
9.62874985e+01      6.73430976e-03      
9.64124985e+01      6.73430976e-03      
9.65374985e+01      6.73430976e-03      
9.66124983e+01      6.73430976e-03      
9.66374979e+01      6.73430976e-03      
9.66624975e+01      6.73430976e-03      
9.66874971e+01      6.73430976e-03      
9.67499971e+01      6.73430976e-03      
9.68499975e+01      6.73430976e-03      
9.69499979e+01      6.73430976e-03      
9.70499983e+01      1.20923790e-01      
9.71499987e+01      1.20925968e-01      
9.72499990e+01      1.20925968e-01      
9.73499994e+01      1.20925968e-01      
9.74499998e+01      1.20925968e-01      
9.75625000e+01      1.20925968e-01      
9.76875000e+01      1.20925968e-01      
9.78125000e+01      1.20925968e-01      
9.79375000e+01      1.20925968e-01      
9.80625000e+01      1.37146633e-02      
9.81875000e+01      1.37146633e-02      
9.83125000e+01      1.37146633e-02      
9.84375000e+01      1.37146633e-02      
9.85124998e+01      1.37146633e-02      
9.85374994e+01      1.37146633e-02      
9.85624990e+01      1.37146633e-02      
9.85874987e+01      1.37146633e-02      
9.86249990e+01      1.37146633e-02      
9.86750002e+01      1.37146633e-02      
9.87250013e+01      1.37146633e-02      
9.87750025e+01      1.37146633e-02      
9.88375025e+01      1.37146633e-02      
9.89125013e+01      1.37146633e-02      
9.89875002e+01      1.61963643e-02      
9.90624990e+01      2.11597662e-02      
9.91249990e+01      2.11597662e-02      
9.91750002e+01      2.11597662e-02      
9.92250013e+01      2.11597662e-02      
9.92750025e+01      2.11597662e-02      
9.93875029e+01      2.11597662e-02      
9.95625025e+01      2.11597662e-02      
9.97375021e+01      2.11597662e-02      
9.99125017e+01      1.64040990e-02      
1.00300001e+02      8.57143675e-03      
1.00900002e+02      9.01614147e-03      
1.01500002e+02      9.90554087e-03      
1.02100002e+02      5.78595596e-02      
1.02475001e+02      9.12184583e-02      
1.02625001e+02      9.12184583e-02      
1.02775001e+02      9.12184583e-02      
1.02925000e+02      9.12184583e-02      
1.03062500e+02      9.39956742e-02      
1.03187500e+02      9.41345329e-02      
1.03312500e+02      9.41345329e-02      
1.03437500e+02      9.41345329e-02      
1.03625000e+02      9.41345329e-02      
1.03875000e+02      9.41345329e-02      
1.04125000e+02      1.36690996e-02      
1.04375000e+02      1.36690996e-02      
1.04650000e+02      1.36690996e-02      
1.04949999e+02      1.29704657e-02      
1.05249998e+02      1.15731710e-02      
1.05549997e+02      1.15731710e-02      
1.05862497e+02      1.15295769e-02      
1.06187498e+02      1.10172943e-02      
1.06512499e+02      1.10172943e-02      
1.06837500e+02      1.10172943e-02      
1.07125000e+02      1.16445890e-02      
1.07375000e+02      1.16916366e-02      
1.07625000e+02      1.16916366e-02      
1.07875000e+02      1.16916366e-02      
1.08125000e+02      1.96106016e-02      
1.08375000e+02      1.96106016e-02      
1.08625000e+02      1.96106016e-02      
1.08875000e+02      1.96106016e-02      
1.09125000e+02      1.31952375e-02      
1.09375000e+02      1.31952375e-02      
1.09625000e+02      1.31952375e-02      
1.09875000e+02      1.31952375e-02      
1.10125000e+02      1.40700599e-02      
1.10375000e+02      1.40700599e-02      
1.10625000e+02      1.40700599e-02      
1.10875000e+02      1.40700599e-02      
1.11013889e+02      1.36356839e-02      
1.11041667e+02      1.27669391e-02      
1.11069445e+02      1.27669391e-02      
1.11097223e+02      1.27669391e-02      
1.11222223e+02      1.27669391e-02      
1.11444445e+02      1.27669391e-02      
1.11666667e+02      1.27669391e-02      
1.11888889e+02      1.28072563e-02      
1.12125000e+02      1.40973981e-02      
1.12375000e+02      1.40973981e-02      
1.12625000e+02      1.40973981e-02      
1.12875000e+02      1.40973981e-02      
1.13125000e+02      1.08623778e-02      
1.13375000e+02      1.08623778e-02      
1.13625000e+02      1.08623778e-02      
1.13875000e+02      1.08623778e-02      
1.14125000e+02      7.34941924e-03      
1.14375000e+02      7.34941924e-03      
1.14625000e+02      7.34941924e-03      
1.14875000e+02      7.34941924e-03      
1.15087500e+02      1.16171119e-02      
1.15262499e+02      1.20743714e-02      
1.15437498e+02      1.20743714e-02      
1.15612497e+02      1.20743714e-02      
1.15774998e+02      1.20743714e-02      
1.15924999e+02      1.20743714e-02      
1.16075001e+02      1.36508742e-02      
1.16225002e+02      1.36508742e-02      
1.16387503e+02      1.36508742e-02      
1.16562502e+02      1.36508742e-02      
1.16737501e+02      1.36508742e-02      
1.16912500e+02      1.36508742e-02      
1.17075000e+02      5.70420861e-02      
1.17224999e+02      5.88500303e-02      
1.17374999e+02      5.88500303e-02      
1.17524999e+02      5.88500303e-02      
1.17687499e+02      5.88500303e-02      
1.17862500e+02      5.88500303e-02      
1.18037501e+02      2.77883578e-02      
1.18212502e+02      1.53640680e-02      
1.18387503e+02      1.53640680e-02      
1.18562502e+02      1.53640680e-02      
1.18737501e+02      1.53640680e-02      
1.18912500e+02      1.66103915e-02      
1.19100000e+02      5.15051675e-02      
1.19300001e+02      5.15051675e-02      
1.19500002e+02      5.15051675e-02      
1.19700003e+02      5.01894155e-02      
1.19887503e+02      5.60641425e-02      
1.20062502e+02      5.60419301e-02      
1.20237501e+02      5.05952973e-02      
1.20412500e+02      1.48774800e-01      
1.20587500e+02      3.74754467e-01      
1.20762499e+02      2.76104499e-01      
1.20937498e+02      1.00641632e-01      
1.21112497e+02      2.04810645e-01      
1.21299997e+02      5.14580858e+00      
1.21499998e+02      2.12348356e+01      
1.21699999e+02      1.40291609e+01      
1.21900000e+02      1.44768406e+00      
1.22087500e+02      1.38468049e-01      
1.22262499e+02      6.48906863e-02      
1.22437498e+02      4.66520946e-02      
1.22612497e+02      3.93095636e-02      
1.22799997e+02      3.66141219e-02      
1.22999998e+02      3.19458754e-02      
1.23199999e+02      2.83314981e-02      
1.23400000e+02      2.73023386e-02      
1.23587500e+02      3.12629251e-02      
1.23762499e+02      5.61576971e-02      
1.23937498e+02      5.99385080e-02      
1.24112497e+02      4.48963172e-02      
1.24299997e+02      4.26500832e-02      
1.24499998e+02      2.58689017e-02      
1.24699999e+02      2.11939410e-02      
1.24900000e+02      2.11449575e-02      
1.25100000e+02      2.18876502e-02      
1.25300001e+02      2.60556114e-02      
1.25500002e+02      2.80797407e-02      
1.25700003e+02      3.08786177e-02      
1.25900002e+02      4.78659670e-02      
1.26100001e+02      4.56489709e-02      
1.26300000e+02      4.52207987e-02      
1.26499999e+02      7.30340473e-02      
1.26699999e+02      3.73623978e-02      
1.26900000e+02      1.70009548e-02      
1.27100000e+02      1.59381698e-02      
1.27300001e+02      1.81058904e-02      
1.27500001e+02      2.59565074e-02      
1.27700000e+02      2.87632056e-02      
1.27899999e+02      2.67424783e-02      
1.28099998e+02      2.07008063e-02      
1.28299997e+02      1.43024733e-02      
1.28499998e+02      1.36611104e-02      
1.28699999e+02      1.98041938e-02      
1.28900000e+02      2.44875777e-02      
1.29112499e+02      1.77451223e-02      
1.29337498e+02      1.77758325e-02      
1.29562496e+02      2.43653740e-02      
1.29787495e+02      2.80357050e-02      
1.29999994e+02      7.62660352e-02      
1.30199995e+02      1.79177178e-01      
1.30399996e+02      2.60610785e-01      
1.30599997e+02      2.52662333e-01      
1.30812498e+02      8.58127944e-02      
1.31037500e+02      4.36894484e-02      
1.31262503e+02      2.68490217e-02      
1.31487505e+02      2.34148725e-02      
1.31700005e+02      2.85546645e-02      
1.31900002e+02      2.62195650e-02      
1.32099998e+02      1.86549140e-02      
1.32299995e+02      1.98770284e-02      
1.32512495e+02      2.01248429e-02      
1.32737497e+02      2.45080725e-02      
1.32962500e+02      2.94169086e-02      
1.33187502e+02      8.59528833e-02      
1.33412502e+02      4.80841386e-01      
1.33637501e+02      3.76496261e-01      
1.33862499e+02      4.37493873e-02      
1.34087498e+02      1.91650842e-02      
1.34312498e+02      1.95944018e-02      
1.34537500e+02      1.98698103e-02      
1.34762503e+02      2.13562673e-02      
1.34987505e+02      3.19971333e-02      
1.35212505e+02      3.88941274e-02      
1.35437504e+02      4.79818977e-02      
1.35662502e+02      5.33134225e-02      
1.35887501e+02      4.14141368e-02      
1.36125000e+02      3.13636829e-02      
1.36375000e+02      2.91315852e-02      
1.36625000e+02      2.68479342e-02      
1.36875000e+02      3.05874676e-02      
1.37112499e+02      3.46938996e-02      
1.37337498e+02      3.10623279e-02      
1.37562496e+02      2.73422696e-02      
1.37787495e+02      2.89224965e-02      
1.38024994e+02      3.23382554e-02      
1.38274994e+02      3.05732898e-02      
1.38524994e+02      3.02842865e-02      
1.38774994e+02      3.26001373e-02      
1.39137495e+02      1.09174380e-01      
1.39612497e+02      9.58732227e-02      
1.40087500e+02      9.50538349e-02      
1.40562502e+02      6.86808030e-02      
1.41050003e+02      4.60178185e-02      
1.41550003e+02      4.57299659e-02      
1.42050003e+02      4.58831002e-02      
1.42550003e+02      5.62049981e-02      
1.42807146e+02      4.77909251e-02      
1.42821433e+02      4.61923750e-02      
1.42835719e+02      4.60284149e-02      
1.42850006e+02      4.73422315e-02      
1.43112505e+02      5.89047475e-02      
1.43623216e+02      5.55546191e-02      
1.44133927e+02      5.29258468e-02      
1.44644638e+02      5.57513376e-02      
1.45162495e+02      5.59463870e-02      
1.45687496e+02      6.04200114e-02      
1.46212498e+02      6.57444297e-02      
1.46737499e+02      7.80057184e-02      
1.47275000e+02      1.03150790e-01      
1.47824999e+02      7.69416745e-02      
1.48374998e+02      9.38375625e-02      
1.48924997e+02      8.12030816e-02      
1.49487497e+02      8.11664202e-02      
1.50062498e+02      8.78368084e-02      
1.50637499e+02      8.93289453e-02      
1.51212500e+02      9.71219208e-02      
1.51787500e+02      9.43167916e-02      
1.52362501e+02      1.18790563e-01      
1.52937502e+02      1.34218715e-01      
1.53512503e+02      1.47418369e-01      
1.54100002e+02      1.25970594e-01      
1.54700001e+02      3.14985909e-01      
1.55299999e+02      2.07364235e-01      
1.55899998e+02      2.23122623e-01      
1.56512497e+02      1.69241228e-01      
1.57137497e+02      1.87361259e-01      
1.57762497e+02      1.69814177e-01      
1.58387497e+02      1.65887764e-01      
1.59024998e+02      1.76942736e-01      
1.59674999e+02      1.69402228e-01      
1.60325001e+02      1.87848472e-01      
1.60975002e+02      2.19771263e-01      
1.61625002e+02      2.20037364e-01      
1.62275000e+02      2.55387852e-01      
1.62924997e+02      2.64514511e-01      
1.63574995e+02      2.93022041e-01      
1.64245829e+02      3.39647673e-01      
1.64937498e+02      2.76134481e-01      
1.65629167e+02      5.84023421e-01      
1.66320837e+02      3.60458365e-01      
1.66670837e+02      3.38976666e-01      
1.66679169e+02      3.36350979e-01      
1.66687500e+02      3.36350979e-01      
1.66695831e+02      3.48336523e-01      
1.67049997e+02      4.23381117e-01      
1.67749998e+02      3.80729959e-01      
1.68449999e+02      4.37293871e-01      
1.69150000e+02      5.32781900e-01      
1.69862499e+02      6.39731122e-01      
1.70587498e+02      6.69845481e-01      
1.71312496e+02      6.67589332e-01      
1.72037495e+02      7.26234905e-01      
1.72587494e+02      7.46499689e-01      
1.72962494e+02      6.88960258e-01      
1.73337494e+02      7.13683948e-01      
1.73712494e+02      7.60025456e-01      
1.74087494e+02      8.43958808e-01      
1.74462494e+02      9.12397345e-01      
1.74837494e+02      8.90440764e-01      
1.75212494e+02      1.01960814e+00      
1.75599995e+02      1.11007479e+00      
1.75999996e+02      1.15959494e+00      
1.76399998e+02      1.10338149e+00      
1.76799999e+02      1.24058424e+00      
1.77200001e+02      1.46475786e+00      
1.77600002e+02      1.31331564e+00      
1.78000004e+02      1.49841916e+00      
1.78400005e+02      1.52268137e+00      
1.78800005e+02      1.60350060e+00      
1.79200003e+02      1.57285621e+00      
1.79600000e+02      1.48600205e+00      
1.79999998e+02      1.65259359e+00      
1.80399998e+02      1.76564828e+00      
1.80799999e+02      2.14490859e+00      
1.81200001e+02      1.79395526e+00      
1.81600002e+02      2.72507815e+00      
1.82012503e+02      2.29917771e+00      
1.82437502e+02      2.26644361e+00      
1.82862501e+02      2.10745368e+00      
1.83287500e+02      2.28692096e+00      
1.83712500e+02      2.35156759e+00      
1.84137499e+02      2.09946689e+00      
1.84562498e+02      1.98421864e+00      
1.84987497e+02      1.90359592e+00      
1.85412497e+02      2.33853574e+00      
1.85837496e+02      2.42800988e+00      
1.86262495e+02      2.48739962e+00      
1.86687494e+02      2.73822370e+00      
1.87124994e+02      3.10769862e+00      
1.87574995e+02      3.01687280e+00      
1.88024996e+02      2.90696104e+00      
1.88474997e+02      3.28559360e+00      
1.88924997e+02      3.48966796e+00      
1.89374998e+02      3.75176334e+00      
1.89824999e+02      3.39717721e+00      
1.90275000e+02      3.61912149e+00      
1.90725000e+02      3.88734025e+00      
1.91175001e+02      3.91204597e+00      
1.91625002e+02      4.20937422e+00      
1.92075003e+02      4.42569369e+00      
1.92537502e+02      4.28682344e+00      
1.93012501e+02      3.62331646e+00      
1.93487499e+02      3.01516338e+00      
1.93962498e+02      4.42916313e+00      
1.94437498e+02      5.50907874e+00      
1.94912500e+02      5.56893325e+00      
1.95387503e+02      5.28414037e+00      
1.95862505e+02      5.51814276e+00      
1.96337505e+02      5.64554022e+00      
1.96812504e+02      6.58025630e+00      
1.97287502e+02      6.15022996e+00      
1.97762501e+02      5.96231913e+00      
1.98250000e+02      6.31012953e+00      
1.98750000e+02      5.81957361e+00      
1.99250000e+02      6.52107180e+00      
1.99750000e+02      6.60436224e+00      
2.00000000e+02      6.74852574e+00      
2.00000001e+02      6.76347050e+00      
2.00000002e+02      6.76347050e+00      
2.00000003e+02      6.78862476e+00      
2.00250003e+02      7.07281902e+00      
2.00750002e+02      7.33137743e+00      
2.01250001e+02      7.67911848e+00      
2.01750000e+02      8.02128688e+00      
2.02262501e+02      7.99916739e+00      
2.02787502e+02      8.04368434e+00      
2.03312504e+02      8.79743355e+00      
2.03837505e+02      9.08514065e+00      
2.04362505e+02      9.95701276e+00      
2.04887503e+02      1.02198864e+01      
2.05412500e+02      1.03216024e+01      
2.05937498e+02      1.02736956e+01      
2.06462498e+02      1.05777104e+01      
2.06987499e+02      1.14036732e+01      
2.07512501e+02      1.24156661e+01      
2.08037502e+02      1.29362875e+01      
2.08575003e+02      1.45751721e+01      
2.09125002e+02      1.78524328e+01      
2.09675001e+02      2.17501955e+01      
2.10225000e+02      2.50069438e+01      
2.10787500e+02      2.80231935e+01      
2.11362501e+02      3.09440880e+01      
2.11937502e+02      3.63898990e+01      
2.12512503e+02      2.77080241e+01      
2.13087503e+02      2.95312282e+01      
2.13662504e+02      3.12261325e+01      
2.14237505e+02      3.94251150e+01      
2.14812506e+02      3.75155342e+01      
2.15387505e+02      3.63045301e+01      
2.15962502e+02      3.14078232e+01      
2.16537498e+02      3.07088156e+01      
2.17112495e+02      3.10581643e+01      
2.17724995e+02      3.40720804e+01      
2.18374996e+02      4.51149083e+01      
2.19024998e+02      4.14210700e+01      
2.19674999e+02      4.69627988e+01      
2.20275000e+02      4.82806049e+01      
2.20824999e+02      4.07230182e+01      
2.21374998e+02      3.63057766e+01      
2.21924997e+02      3.99325761e+01      
2.22512497e+02      4.69268660e+01      
2.23137497e+02      5.54710426e+01      
2.23762497e+02      6.29355929e+01      
2.24387497e+02      5.50003964e+01      
2.25024998e+02      5.45992668e+01      
2.25674999e+02      4.78072303e+01      
2.26325001e+02      3.92828053e+01      
2.26975002e+02      3.18302190e+01      
2.27625002e+02      3.79018399e+01      
2.28275000e+02      4.99493424e+01      
2.28924997e+02      4.63499078e+01      
2.29574995e+02      4.50677552e+01      
2.30237495e+02      4.53788426e+01      
2.30912498e+02      5.13393039e+01      
2.31587502e+02      4.76592380e+01      
2.32262505e+02      5.12350163e+01      
2.32937506e+02      4.56379057e+01      
2.33612505e+02      4.09578204e+01      
2.34287504e+02      3.56584878e+01      
2.34962503e+02      4.02352912e+01      
2.35587884e+02      5.17192627e+01      
2.36163647e+02      4.51434502e+01      
2.36739410e+02      4.42371716e+01      
2.37315172e+02      4.90514312e+01      
2.37665173e+02      4.61023622e+01      
2.37789411e+02      5.04140177e+01      
2.37913649e+02      4.36895323e+01      
2.38037887e+02      3.63577984e+01      
2.38462505e+02      3.82885181e+01      
2.39187504e+02      4.34636038e+01      
2.39912502e+02      3.82736562e+01      
2.40637501e+02      3.68465723e+01      
2.41362499e+02      4.23967453e+01      
2.42087498e+02      6.28897802e+01      
2.42812496e+02      6.66622672e+01      
2.43537495e+02      6.14831108e+01      
2.44274994e+02      6.09468348e+01      
2.45024994e+02      5.01641717e+01      
2.45774994e+02      4.65776180e+01      
2.46524994e+02      4.60228792e+01      
2.47287495e+02      5.21065188e+01      
2.48062496e+02      4.72661799e+01      
2.48837498e+02      4.02680982e+01      
2.49612499e+02      5.58784934e+01      
2.50400000e+02      5.63856380e+01      
2.51199999e+02      4.85109099e+01      
2.51999998e+02      3.86894840e+01      
2.52799997e+02      3.97657635e+01      
2.53599997e+02      4.93481682e+01      
2.54399996e+02      5.45469181e+01      
2.55199995e+02      6.70500996e+01      
2.55999994e+02      8.14398041e+01      
2.56812496e+02      1.05726518e+02      
2.57637501e+02      1.15306388e+02      
2.58462505e+02      1.17650608e+02      
2.59287510e+02      1.10849481e+02      
2.60137512e+02      8.35169082e+01      
2.61012512e+02      7.55706911e+01      
2.61887512e+02      9.38107111e+01      
2.62762512e+02      9.67980330e+01      
2.63637512e+02      1.67941385e+02      
2.64512512e+02      2.35718688e+02      
2.65387512e+02      2.35446721e+02      
2.66262512e+02      2.39115465e+02      
2.67150009e+02      2.34191726e+02      
2.68050003e+02      2.35861865e+02      
2.68949997e+02      2.26531938e+02      
2.69849991e+02      2.35532696e+02      
2.70762489e+02      2.51116932e+02      
2.71687492e+02      2.00162477e+02      
2.72612495e+02      1.91728319e+02      
2.73537498e+02      1.94677886e+02      
2.74125601e+02      1.39593324e+02      
2.74376802e+02      1.18439573e+02      
2.74628003e+02      1.27205403e+02      
2.74879204e+02      1.21677583e+02      
2.75354202e+02      1.60232629e+02      
2.76052998e+02      2.10277397e+02      
2.76751794e+02      2.38164788e+02      
2.77450590e+02      2.30323989e+02      
2.78287491e+02      1.63085743e+02      
2.79262497e+02      9.77952099e+01      
2.80237503e+02      7.71522362e+01      
2.81212509e+02      1.62707937e+02      
2.82113240e+02      2.54968326e+02      
2.82939697e+02      2.95877833e+02      
2.83766153e+02      2.92603606e+02      
2.84592609e+02      2.34313046e+02      
2.85092609e+02      1.41404938e+02      
2.85266153e+02      1.04443036e+02      
2.85439697e+02      1.15614865e+02      
2.85613240e+02      1.72330829e+02      
2.86225010e+02      2.92327197e+02      
2.87275005e+02      3.31973202e+02      
2.88325001e+02      2.90154257e+02      
2.89374996e+02      4.19650447e+02      
2.90424995e+02      5.64480308e+02      
2.91474998e+02      5.45786642e+02      
2.92525002e+02      4.84110643e+02      
2.93575005e+02      5.05968138e+02      
2.94650005e+02      4.77566149e+02      
2.95750004e+02      5.29108412e+02      
2.96850002e+02      4.40862132e+02      
2.97950001e+02      4.84608099e+02      
2.99062500e+02      4.47192962e+02      
3.00187500e+02      4.10874019e+02      
3.01312500e+02      4.35843717e+02      
3.02437500e+02      4.44847078e+02      
3.03513304e+02      5.87412725e+02      
3.04539913e+02      5.65002540e+02      
3.05566522e+02      5.55882585e+02      
3.06593131e+02      5.29930389e+02      
3.07180632e+02      5.83415228e+02      
3.07329027e+02      5.89746223e+02      
3.07477421e+02      5.98085727e+02      
3.07625815e+02      5.85568189e+02      
3.08300011e+02      5.91571282e+02      
3.09500008e+02      4.78508480e+02      
3.10700005e+02      6.32633929e+02      
3.11900002e+02      6.51542444e+02      
3.13125000e+02      6.42546520e+02      
3.14375000e+02      6.39226551e+02      
3.15625000e+02      5.82337471e+02      
3.16875000e+02      6.75009338e+02      
3.18125000e+02      6.48561963e+02      
3.19375000e+02      6.65146772e+02      
3.20625000e+02      7.40573265e+02      
3.21875000e+02      6.61634433e+02      
3.23125000e+02      6.08390228e+02      
3.24375000e+02      7.11207337e+02      
3.25625000e+02      8.49096147e+02      
3.26875000e+02      9.15018071e+02      
3.27713409e+02      8.95384814e+02      
3.28140227e+02      8.62797426e+02      
3.28567045e+02      8.60529813e+02      
3.28993862e+02      9.21741918e+02      
3.29618862e+02      1.02621546e+03      
3.30442045e+02      9.60151611e+02      
3.31265227e+02      9.10058465e+02      
3.32088409e+02      9.07054349e+02      
3.33125000e+02      8.81642260e+02      
3.34375000e+02      8.98978702e+02      
3.35625000e+02      8.63944252e+02      
3.36875000e+02      7.62279109e+02      
3.37962972e+02      8.44047765e+02      
3.38888917e+02      8.95686766e+02      
3.39814862e+02      9.44359529e+02      
3.40740807e+02      9.28376914e+02      
3.41365807e+02      8.67831691e+02      
3.41689862e+02      8.52855807e+02      
3.42013917e+02      9.46170648e+02      
3.42337972e+02      9.23636028e+02      
3.42812500e+02      9.59644324e+02      
3.43437500e+02      9.38918790e+02      
3.44062500e+02      7.54086245e+02      
3.44687500e+02      8.26863297e+02      
3.46250000e+02      8.82604295e+02      
3.48750000e+02      8.46226293e+02      
3.51250000e+02      9.49438456e+02      
3.53750000e+02      9.81999382e+02      
3.56250000e+02      9.01049643e+02      
3.58750000e+02      8.05873543e+02      
3.61250000e+02      8.88889339e+02      
3.63750000e+02      9.68637782e+02      
3.66250000e+02      1.13570298e+03      
3.68750000e+02      1.10667947e+03      
3.71250000e+02      1.07985444e+03      
3.73750000e+02      9.04806422e+02      
3.76250000e+02      1.03558218e+03      
3.78750000e+02      1.15592158e+03      
3.81250000e+02      1.02272131e+03      
3.83750000e+02      7.31242246e+02      
3.85625050e+02      9.40619298e+02      
3.86875151e+02      9.52633702e+02      
3.88125252e+02      9.40021319e+02      
3.89375353e+02      1.05460428e+03      
3.90625353e+02      1.15690923e+03      
3.91875252e+02      1.14577903e+03      
3.93125151e+02      6.73086339e+02      
3.94375050e+02      9.45529993e+02      
3.96250000e+02      8.96820124e+02      
3.98750000e+02      1.35555213e+03      
4.01250000e+02      1.59328538e+03      
4.03750000e+02      1.57620867e+03      
4.06250000e+02      1.52095215e+03      
4.08750000e+02      1.56085721e+03      
4.11250000e+02      1.56800158e+03      
4.13750000e+02      1.62033861e+03      
4.16250000e+02      1.62959796e+03      
4.18750000e+02      1.59096083e+03      
4.21250000e+02      1.63334503e+03      
4.23750000e+02      1.57604845e+03      
4.26250000e+02      1.56763189e+03      
4.28750000e+02      1.47755547e+03      
4.31250000e+02      1.34654985e+03      
4.33750000e+02      1.50636201e+03      
4.36250000e+02      1.65550999e+03      
4.38750000e+02      1.61160534e+03      
4.41250000e+02      1.73671736e+03      
4.43750000e+02      1.80031875e+03      
4.45625561e+02      1.73026113e+03      
4.46876683e+02      1.80369086e+03      
4.48127805e+02      1.86215422e+03      
4.49378927e+02      1.86392488e+03      
4.50628927e+02      1.97232395e+03      
4.51877805e+02      1.94265216e+03      
4.53126683e+02      1.76022855e+03      
4.54375561e+02      1.90117338e+03      
4.56250000e+02      1.92336432e+03      
4.58750000e+02      1.90286941e+03      
4.61250000e+02      1.91806405e+03      
4.63750000e+02      1.91165544e+03      
4.66250000e+02      1.85479713e+03      
4.68750000e+02      1.87348682e+03      
4.71250000e+02      1.84501029e+03      
4.73750000e+02      1.90483959e+03      
4.76250000e+02      1.89713280e+03      
4.78750000e+02      1.92797052e+03      
4.81250000e+02      1.92888232e+03      
4.83750000e+02      1.88352582e+03      
4.86250000e+02      1.63630143e+03      
4.88750000e+02      1.80363977e+03      
4.91250000e+02      1.81294233e+03      
4.93750000e+02      1.82878525e+03      
4.96250000e+02      1.84740872e+03      
4.98750000e+02      1.80257205e+03      
5.01250000e+02      1.70590965e+03      
5.03750000e+02      1.77267448e+03      
5.06250000e+02      1.80844002e+03      
5.08750000e+02      1.71807474e+03      
5.11250000e+02      1.78329896e+03      
5.13750000e+02      1.68798910e+03      
5.16250000e+02      1.60457603e+03      
5.18750000e+02      1.60789611e+03      
5.21250000e+02      1.71919094e+03      
5.23750000e+02      1.69822768e+03      
5.26250000e+02      1.65329850e+03      
5.28750000e+02      1.73502335e+03      
5.31250000e+02      1.76472835e+03      
5.33750000e+02      1.67693410e+03      
5.35626888e+02      1.76337858e+03      
5.36880663e+02      1.70879154e+03      
5.38134438e+02      1.74210959e+03      
5.39388214e+02      1.70960721e+03      
5.40638214e+02      1.63670240e+03      
5.41884438e+02      1.71366971e+03      
5.43130663e+02      1.68530870e+03      
5.44376888e+02      1.73679671e+03      
5.45563869e+02      1.74381884e+03      
5.46691608e+02      1.74872203e+03      
5.47819347e+02      1.70713130e+03      
5.48947086e+02      1.72650404e+03      
5.50197086e+02      1.73920814e+03      
5.51569347e+02      1.72462536e+03      
5.52941608e+02      1.70433086e+03      
5.54313869e+02      1.74748846e+03      
5.56250000e+02      1.70830195e+03      
5.58750000e+02      1.65332827e+03      
5.61250000e+02      1.66771381e+03      
5.63750000e+02      1.70306971e+03      
5.65200540e+02      1.68265894e+03      
5.65601619e+02      1.65342520e+03      
5.66002698e+02      1.57837283e+03      
5.66403777e+02      1.65002872e+03      
5.67653777e+02      1.68182080e+03      
5.69752698e+02      1.65446360e+03      
5.71851619e+02      1.65842772e+03      
5.73950540e+02      1.70763194e+03      
5.76250000e+02      1.66940343e+03      
5.78750000e+02      1.65581943e+03      
5.81250000e+02      1.67610064e+03      
5.83750000e+02      1.68540929e+03      
5.86250000e+02      1.64208871e+03      
5.88750000e+02      1.56294633e+03      
5.91250000e+02      1.63873479e+03      
5.93750000e+02      1.63133295e+03      
5.96250000e+02      1.62323476e+03      
5.98750000e+02      1.60782274e+03      
6.01250000e+02      1.57987277e+03      
6.03750000e+02      1.60100328e+03      
6.05004234e+02      1.61288761e+03      
6.05012703e+02      1.61575408e+03      
6.05021172e+02      1.61607943e+03      
6.05029640e+02      1.60703592e+03      
6.06279640e+02      1.60470939e+03      
6.08771172e+02      1.59120845e+03      
6.11262703e+02      1.57496303e+03      
6.13754234e+02      1.54509378e+03      
6.16250000e+02      1.51858753e+03      
6.18750000e+02      1.55196603e+03      
6.21250000e+02      1.55131406e+03      
6.23750000e+02      1.50965870e+03      
6.26250000e+02      1.52011468e+03      
6.28750000e+02      1.54006120e+03      
6.31250000e+02      1.50120958e+03      
6.33750000e+02      1.50700312e+03      
6.36250000e+02      1.50048718e+03      
6.38750000e+02      1.50220352e+03      
6.41250000e+02      1.46713569e+03      
6.43750000e+02      1.48446038e+03      
6.46250000e+02      1.46265166e+03      
6.48750000e+02      1.45052941e+03      
6.51250000e+02      1.46293621e+03      
6.53750000e+02      1.44236985e+03      
6.56250000e+02      1.27956105e+03      
6.58750000e+02      1.40203390e+03      
6.61250000e+02      1.42711164e+03      
6.63750000e+02      1.40037133e+03      
6.65208336e+02      1.40054369e+03      
6.65625007e+02      1.40835427e+03      
6.66041679e+02      1.40247641e+03      
6.66458351e+02      1.37378178e+03      
6.67708351e+02      1.40156246e+03      
6.69791679e+02      1.41176332e+03      
6.71875007e+02      1.40679441e+03      
6.73958336e+02      1.40872243e+03      
6.76250000e+02      1.39307486e+03      
6.78750000e+02      1.37631141e+03      
6.81250000e+02      1.36564517e+03      
6.83750000e+02      1.35853861e+03      
6.85760623e+02      1.36587168e+03      
6.87281868e+02      1.37827198e+03      
6.88803113e+02      1.35983858e+03      
6.90324358e+02      1.35013007e+03      
6.91574358e+02      1.33359132e+03      
6.92553113e+02      1.33096718e+03      
6.93531868e+02      1.33263133e+03      
6.94510623e+02      1.33512028e+03      
6.96250000e+02      1.34681189e+03      
6.98750000e+02      1.33360149e+03      
7.01250000e+02      1.31425049e+03      
7.03750000e+02      1.32535977e+03      
7.06250000e+02      1.31664101e+03      
7.08750000e+02      1.30243747e+03      
7.11250000e+02      1.28579845e+03      
7.13750000e+02      1.26786892e+03      
7.16250000e+02      1.25729907e+03      
7.18750000e+02      1.24206820e+03      
7.21250000e+02      1.24408207e+03      
7.23750000e+02      1.24207851e+03      
7.26250000e+02      1.23483917e+03      
7.28750000e+02      1.20914567e+03      
7.31250000e+02      1.21895480e+03      
7.33750000e+02      1.21783196e+03      
7.36250000e+02      1.20605132e+03      
7.38750000e+02      1.18463630e+03      
7.41250000e+02      1.17167647e+03      
7.43750000e+02      1.18625920e+03      
7.45859962e+02      1.18416931e+03      
7.47579885e+02      1.18846026e+03      
7.49299808e+02      1.17031165e+03      
7.51019731e+02      1.16642455e+03      
7.52269731e+02      1.16616577e+03      
7.53049808e+02      1.16912779e+03      
7.53829885e+02      1.17488613e+03      
7.54609962e+02      1.16921666e+03      
7.56250000e+02      1.16406706e+03      
7.58750000e+02      1.15308319e+03      
7.61250000e+02      1.13279736e+03      
7.63750000e+02      1.14280014e+03      
7.66250000e+02      1.10471212e+03      
7.68750000e+02      1.11958293e+03      
7.71250000e+02      1.10710786e+03      
7.73750000e+02      1.10521325e+03      
7.75857604e+02      1.09102264e+03      
7.77572811e+02      1.08659109e+03      
7.79288018e+02      1.08318136e+03      
7.81003225e+02      1.07919823e+03      
7.82253225e+02      1.08870389e+03      
7.83038018e+02      1.07200729e+03      
7.83822811e+02      1.06142429e+03      
7.84607604e+02      1.07506325e+03      
7.86250000e+02      1.06495346e+03      
7.88750000e+02      1.07028226e+03      
7.91250000e+02      1.05860836e+03      
7.93750000e+02      1.02851872e+03      
7.96250000e+02      1.05059528e+03      
7.98750000e+02      1.04182659e+03      
8.01250000e+02      1.03648486e+03      
8.03750000e+02      1.02863494e+03      
8.06250000e+02      1.02735146e+03      
8.08750000e+02      1.01689314e+03      
8.11250000e+02      1.02415145e+03      
8.13750000e+02      1.02563488e+03      
8.16250000e+02      1.01480252e+03      
8.18750000e+02      9.87366333e+02      
8.21250000e+02      9.78049249e+02      
8.23750000e+02      9.89600553e+02      
8.26250000e+02      9.89021581e+02      
8.28750000e+02      9.79394886e+02      
8.31250000e+02      9.75072463e+02      
8.33750000e+02      9.44074374e+02      
8.35932497e+02      9.63902763e+02      
8.37797491e+02      9.54783665e+02      
8.39662485e+02      9.49547633e+02      
8.41527480e+02      9.51821052e+02      
8.42777480e+02      9.31125496e+02      
8.43412485e+02      9.25190774e+02      
8.44047491e+02      9.19101048e+02      
8.44682497e+02      9.46171033e+02      
8.46250000e+02      9.37184744e+02      
8.48750000e+02      9.05369857e+02      
8.51250000e+02      8.82404084e+02      
8.53750000e+02      7.87092976e+02      
8.56250000e+02      8.94900949e+02      
8.58750000e+02      9.00402804e+02      
8.61250000e+02      9.05653087e+02      
8.63750000e+02      9.17824627e+02      
8.66250000e+02      8.32979231e+02      
8.68750000e+02      8.97703082e+02      
8.71250000e+02      9.15388834e+02      
8.73750000e+02      8.97819207e+02      
8.76250000e+02      8.79165316e+02      
8.78750000e+02      8.83930288e+02      
8.81250000e+02      8.62024560e+02      
8.83750000e+02      8.65667839e+02      
8.85783196e+02      8.57166054e+02      
8.87349589e+02      8.43646982e+02      
8.88915982e+02      8.61320753e+02      
8.90482375e+02      8.64111988e+02      
8.91732375e+02      8.53103694e+02      
8.92665982e+02      8.32384505e+02      
8.93599589e+02      8.48046304e+02      
8.94533196e+02      8.31210124e+02      
8.96250000e+02      8.45387464e+02      
8.98750000e+02      8.37719464e+02      
9.01250000e+02      7.97853103e+02      
9.03750000e+02      8.32432259e+02      
9.06250000e+02      8.23369524e+02      
9.08750000e+02      8.00585514e+02      
9.11250000e+02      8.03211434e+02      
9.13750000e+02      8.15350515e+02      
9.16250000e+02      8.04682429e+02      
9.18750000e+02      8.01183683e+02      
9.21250000e+02      7.79600068e+02      
9.23750000e+02      7.62421932e+02      
9.26250000e+02      7.72880327e+02      
9.28750000e+02      7.84043764e+02      
9.31250000e+02      7.81515593e+02      
9.33750000e+02      7.79936502e+02      
9.36250000e+02      7.68677694e+02      
9.38750000e+02      7.68371092e+02      
9.41250000e+02      7.39202461e+02      
9.43750000e+02      7.49784658e+02      
9.46250000e+02      7.53561673e+02      
9.48750000e+02      7.55126990e+02      
9.51250000e+02      7.46747097e+02      
9.53750000e+02      7.30549059e+02      
9.55817304e+02      7.18169281e+02      
9.57451913e+02      7.30895013e+02      
9.59086521e+02      7.38223630e+02      
9.60721130e+02      7.25568305e+02      
9.61971130e+02      7.31723228e+02      
9.62836521e+02      7.19131776e+02      
9.63701913e+02      7.19098394e+02      
9.64567304e+02      7.22382633e+02      
9.66250000e+02      7.14659939e+02      
9.68750000e+02      7.16268381e+02      
9.71250000e+02      7.14685662e+02      
9.73750000e+02      7.04037892e+02      
9.76250000e+02      7.04149085e+02      
9.78750000e+02      6.99769712e+02      
9.81250000e+02      7.00425842e+02      
9.83750000e+02      6.94887527e+02      
9.86250000e+02      6.90748060e+02      
9.88750000e+02      6.83939648e+02      
9.91250000e+02      6.82337840e+02      
9.93750000e+02      6.82645932e+02      
9.96250000e+02      6.78961829e+02      
9.98750000e+02      6.74818499e+02      
1.00125000e+03      6.73057718e+02      
1.00375000e+03      6.56344788e+02      
1.00625000e+03      6.42098931e+02      
1.00875000e+03      6.60640924e+02      
1.01125000e+03      6.57383217e+02      
1.01375000e+03      6.51519742e+02      
1.01625000e+03      6.45425706e+02      
1.01875000e+03      6.39025172e+02      
1.02125000e+03      6.37248038e+02      
1.02375000e+03      6.41347429e+02      
1.02625000e+03      6.38375530e+02      
1.02875000e+03      6.33150746e+02      
1.03125000e+03      6.30066298e+02      
1.03375000e+03      6.19028901e+02      
1.03515868e+03      6.15019696e+02      
1.03547603e+03      6.22794941e+02      
1.03579339e+03      6.23975862e+02      
1.03611075e+03      6.24487297e+02      
1.03736075e+03      6.13475183e+02      
1.03954339e+03      6.15964810e+02      
1.04172603e+03      6.14658933e+02      
1.04390868e+03      6.12350887e+02      
1.04625000e+03      6.01615713e+02      
1.04875000e+03      6.07947057e+02      
1.05125000e+03      6.03981404e+02      
1.05375000e+03      6.00417326e+02      
1.05625000e+03      6.01061042e+02      
1.05875000e+03      5.88822053e+02      
1.06125000e+03      5.87693511e+02      
1.06375000e+03      5.88515871e+02      
1.06556484e+03      5.89255987e+02      
1.06669451e+03      5.76783972e+02      
1.06782418e+03      5.85156980e+02      
1.06895385e+03      5.54769962e+02      
1.07020385e+03      5.75022403e+02      
1.07157418e+03      5.79462934e+02      
1.07294451e+03      5.68031984e+02      
1.07431484e+03      5.73526228e+02      
1.07625000e+03      5.73922098e+02      
1.07875000e+03      5.69051799e+02      
1.08125000e+03      5.61901013e+02      
1.08375000e+03      5.58286819e+02      
1.08687500e+03      5.55655551e+02      
1.09062500e+03      5.56984873e+02      
1.09437500e+03      5.31579286e+02      
1.09812500e+03      5.39130158e+02      
1.10374294e+03      5.38394606e+02      
1.11122881e+03      5.33329349e+02      
1.11871468e+03      5.24653092e+02      
1.12620055e+03      5.12990970e+02      
1.13903128e+03      5.00570421e+02      
1.15720685e+03      4.86595015e+02      
1.17538242e+03      4.70176106e+02      
1.19355799e+03      4.53562800e+02      
1.21571375e+03      4.38348485e+02      
1.24184971e+03      4.19864331e+02      
1.26798566e+03      4.03407748e+02      
1.29412161e+03      3.83454949e+02      
1.32261778e+03      3.67397616e+02      
1.35347418e+03      3.50472032e+02      
1.38433059e+03      3.34169763e+02      
1.41518699e+03      3.16594041e+02      
1.44740644e+03      3.01721104e+02      
1.48098895e+03      2.85528062e+02      
1.51457146e+03      2.69307850e+02      
1.54815397e+03      2.55571062e+02      
1.58029753e+03      2.39837755e+02      
1.61100215e+03      2.28583883e+02      
1.64170676e+03      2.15718195e+02      
1.67241138e+03      2.02950084e+02      
1.70956790e+03      1.91150824e+02      
1.75317633e+03      1.74778490e+02      
1.79678476e+03      1.61323044e+02      
1.84039319e+03      1.49458209e+02      
1.88194796e+03      1.36866973e+02      
1.92144910e+03      1.28738320e+02      
1.96095023e+03      1.18471402e+02      
2.00045136e+03      1.10975506e+02      
2.04300708e+03      1.02770577e+02      
2.08861738e+03      9.53249901e+01      
2.13422769e+03      8.84470591e+01      
2.17983800e+03      8.08983460e+01      
2.23748645e+03      7.35824077e+01      
2.30717304e+03      6.54493291e+01      
2.37685964e+03      5.79541432e+01      
2.44654623e+03      5.24235076e+01      
2.50366265e+03      4.84260078e+01      
2.54820889e+03      4.54068347e+01      
2.59275514e+03      4.27691010e+01      
2.63730139e+03      4.01992693e+01      
2.69209120e+03      3.74413485e+01      
2.75712457e+03      3.45823589e+01      
2.82215795e+03      3.18725311e+01      
2.88719133e+03      2.94638414e+01      
2.94894192e+03      2.73439733e+01      
3.00740972e+03      2.54972453e+01      
3.06587753e+03      2.38194515e+01      
3.12434533e+03      2.23906904e+01      
3.16430572e+03      2.13929729e+01      
3.18575868e+03      2.07783204e+01      
3.20721164e+03      2.02938473e+01      
3.22866461e+03      1.98321523e+01      
3.24919847e+03      1.93634589e+01      
3.26881322e+03      1.89594030e+01      
3.28842798e+03      1.85686012e+01      
3.30804273e+03      1.81534417e+01      
3.32814434e+03      1.77852375e+01      
3.34873280e+03      1.73878418e+01      
3.36932126e+03      1.70067228e+01      
3.38990971e+03      1.66541079e+01      
3.41102225e+03      1.62684724e+01      
3.43265885e+03      1.59084128e+01      
3.45429546e+03      1.55656126e+01      
3.47593206e+03      1.52066753e+01      
3.49797380e+03      1.48620300e+01      
3.52042067e+03      1.45348718e+01      
3.54286754e+03      1.42058542e+01      
3.56531441e+03      1.38683925e+01      
3.58902943e+03      1.35472490e+01      
3.61401260e+03      1.32185793e+01      
3.63899577e+03      1.28956723e+01      
3.66397893e+03      1.25801664e+01      
3.68950149e+03      1.22571404e+01      
3.71556345e+03      1.19514601e+01      
3.74162540e+03      1.16532464e+01      
3.76768735e+03      1.13298148e+01      
3.80933142e+03      1.08752137e+01      
3.86655760e+03      1.03441725e+01      
3.92378378e+03      9.80480793e+00      
3.98100996e+03      9.31990473e+00      
4.02990538e+03      8.90922486e+00      
4.07047004e+03      8.56912656e+00      
4.11103469e+03      8.26829226e+00      
4.15159935e+03      7.92729173e+00      
4.21857828e+03      7.47749415e+00      
4.31197149e+03      6.93809825e+00      
4.40536469e+03      6.41193853e+00      
4.49875790e+03      5.93896552e+00      
4.58702880e+03      5.52691930e+00      
4.67017740e+03      5.16527341e+00      
4.75332600e+03      4.83884628e+00      
4.83647460e+03      4.54339718e+00      
4.90931845e+03      4.29934947e+00      
4.97185755e+03      4.09076242e+00      
5.03439665e+03      3.90635237e+00      
5.09693575e+03      3.72735759e+00      
5.16285533e+03      3.55211031e+00      
5.23215538e+03      3.38202295e+00      
5.30145544e+03      3.21906843e+00      
5.37075549e+03      3.06403654e+00      
5.44401556e+03      2.91333611e+00      
5.52123564e+03      2.76315249e+00      
5.59845573e+03      2.62325186e+00      
5.67567581e+03      2.49021591e+00      
5.75757587e+03      2.35926855e+00      
5.84415591e+03      2.23175813e+00      
5.93073595e+03      2.11129532e+00      
6.01731598e+03      1.99687953e+00      
6.10948187e+03      1.88532488e+00      
6.20723361e+03      1.77675949e+00      
6.30498534e+03      1.67491002e+00      
6.40273708e+03      1.57863505e+00      
6.50723028e+03      1.48471178e+00      
6.61846495e+03      1.39310405e+00      
6.72969961e+03      1.30811107e+00      
6.84093428e+03      1.22694561e+00      
6.96040857e+03      1.14905079e+00      
7.08812249e+03      1.07342197e+00      
7.21583641e+03      1.00264921e+00      
7.34355032e+03      9.38495967e-01      
7.46187353e+03      8.83025254e-01      
7.57080603e+03      8.34445733e-01      
7.67973852e+03      7.90153865e-01      
7.78867102e+03      7.47994962e-01      
7.90441173e+03      7.06771781e-01      
8.02696067e+03      6.66740621e-01      
8.14950961e+03      6.29133225e-01      
8.27205855e+03      5.92258976e-01      
8.41982520e+03      5.53497139e-01      
8.59280956e+03      5.13489975e-01      
8.76579392e+03      4.75283967e-01      
8.93877828e+03      4.42902188e-01      
9.07082057e+03      4.18435779e-01      
9.16192079e+03      4.00821295e-01      
9.25302100e+03      3.85735451e-01      
9.34412122e+03      3.70346714e-01      
9.46596241e+03      3.52322436e-01      
9.61854458e+03      3.32253703e-01      
9.77112675e+03      3.12679218e-01      
9.92370892e+03      2.94410917e-01      
1.00797873e+04      2.77045573e-01      
1.02393618e+04      2.60793618e-01      
1.03989363e+04      2.45653115e-01      
1.05585108e+04      2.31200361e-01      
1.07370822e+04      2.16621331e-01      
1.09346507e+04      2.02203363e-01      
1.11322191e+04      1.88655635e-01      
1.13297875e+04      1.75601490e-01      
1.15625002e+04      1.62293416e-01      
1.18303573e+04      1.48918903e-01      
1.20982144e+04      1.36470054e-01      
1.23660715e+04      1.24939334e-01      
1.26736112e+04      1.13558591e-01      
1.30208335e+04      1.02493045e-01      
1.33680558e+04      9.25007554e-02      
1.37152781e+04      8.38759613e-02      
1.40268412e+04      7.68401810e-02      
1.43027449e+04      7.10057367e-02      
1.45786486e+04      6.58985674e-02      
1.48545523e+04      6.11820253e-02      
1.51443729e+04      5.67319076e-02      
1.54481106e+04      5.25441380e-02      
1.57518482e+04      4.86616525e-02      
1.60555859e+04      4.48468834e-02      
1.64751008e+04      4.05542005e-02      
1.70103929e+04      3.60163086e-02      
1.75456851e+04      3.18936912e-02      
1.80809772e+04      2.83980580e-02      
1.85802979e+04      2.55088173e-02      
1.90436473e+04      2.31045250e-02      
1.95069966e+04      2.10271032e-02      
1.99703460e+04      1.90851959e-02      
2.05176771e+04      1.71642854e-02      
2.11489899e+04      1.52963730e-02      
2.17803028e+04      1.36225892e-02      
2.24116156e+04      1.20998628e-02      
2.31758368e+04      1.06074185e-02      
2.40729663e+04      9.18263781e-03      
2.49700959e+04      7.94611318e-03      
2.58672254e+04      6.89924001e-03      
2.68141952e+04      5.98673285e-03      
2.78110051e+04      5.19008646e-03      
2.88078151e+04      4.51611906e-03      
2.98046250e+04      3.92387863e-03      
3.09794371e+04      3.36903247e-03      
3.23322513e+04      2.86093982e-03      
3.36850655e+04      2.43171584e-03      
3.50378797e+04      2.04985452e-03      
3.69318190e+04      1.66655822e-03      
3.93668833e+04      1.31317662e-03      
4.18019476e+04      1.03425681e-03      
4.42370119e+04      8.10011176e-04      
4.75852261e+04      6.08025885e-04      
5.18465900e+04      4.40875602e-04      
5.61079540e+04      3.21775193e-04      
6.03693180e+04      2.31082201e-04      
6.71875000e+04      1.52322179e-04      
7.65625000e+04      9.40779673e-05      
8.59375000e+04      5.92225198e-05      
9.53125000e+04      4.09626894e-05      
1.00000000e+05      1.80760296e-05      
