Wavelength(nm)      SolarFlux(mW/m^2/nm)
1.00000000e+00      1.37063361e-02      
1.37500000e+00      1.09646666e-02      
2.12500000e+00      1.05315914e-01      
2.87500000e+00      1.34817190e-01      
3.62500000e+00      9.94684945e-02      
4.12500000e+00      1.24907218e-01      
4.37500000e+00      1.37626580e-01      
4.62500000e+00      1.37626580e-01      
4.87500000e+00      1.37626580e-01      
5.12500000e+00      2.36551971e-01      
5.37500000e+00      2.36551971e-01      
5.62500000e+00      2.36551971e-01      
5.87500000e+00      2.36551971e-01      
6.12500000e+00      2.10402518e-01      
6.37500000e+00      2.10402518e-01      
6.62500000e+00      2.10402518e-01      
6.87500000e+00      2.10402518e-01      
7.12500000e+00      2.20862299e-01      
7.37500000e+00      2.20862299e-01      
7.62500000e+00      2.20862299e-01      
7.87500000e+00      2.20862299e-01      
8.12500000e+00      1.34589221e-01      
8.37500000e+00      1.34589221e-01      
8.62500000e+00      1.34589221e-01      
8.87500000e+00      1.34589221e-01      
9.12500000e+00      1.51043261e-01      
9.37500000e+00      1.51043261e-01      
9.62500000e+00      1.51043261e-01      
9.87500000e+00      1.51043261e-01      
1.01250000e+01      5.24598248e-02      
1.03750000e+01      5.24598248e-02      
1.06250000e+01      5.24598248e-02      
1.08750000e+01      5.24598248e-02      
1.11250000e+01      3.75948668e-02      
1.13750000e+01      3.75948668e-02      
1.16250000e+01      3.75948668e-02      
1.18750000e+01      3.75948668e-02      
1.21000000e+01      2.43805181e-02      
1.23000001e+01      2.35546223e-02      
1.25000001e+01      2.35546223e-02      
1.27000002e+01      2.35546223e-02      
1.31125002e+01      2.28789531e-02      
1.37375002e+01      2.66885487e-02      
1.43625002e+01      7.22127190e-02      
1.49875002e+01      7.91995947e-02      
1.55875002e+01      8.70977920e-02      
1.61625003e+01      1.11624068e-01      
1.67375003e+01      1.36113820e-01      
1.73125004e+01      5.25000547e-01      
1.79625003e+01      4.00719211e-01      
1.86875002e+01      2.62639000e-01      
1.94125001e+01      2.69942810e-01      
2.01375000e+01      1.75174971e-01      
2.08250000e+01      1.24199556e-01      
2.14750001e+01      1.01138036e-01      
2.21250002e+01      1.29449088e-01      
2.27750003e+01      1.24491822e-01      
2.35875003e+01      8.03148643e-02      
2.45625002e+01      1.85073676e-01      
2.55375001e+01      2.90836048e-01      
2.65125000e+01      9.87443558e-02      
2.71250000e+01      1.42146036e-01      
2.73750000e+01      1.73612250e-01      
2.76250000e+01      1.73612250e-01      
2.78750000e+01      1.81372603e-01      
2.82500000e+01      2.12414015e-01      
2.87500000e+01      2.12414015e-01      
2.92500000e+01      6.07673047e-02      
2.97500000e+01      6.07673047e-02      
3.02500000e+01      1.28936916e+00      
3.07500000e+01      1.28936916e+00      
3.12500000e+01      2.50431296e-01      
3.17500000e+01      2.50431296e-01      
3.22500000e+01      3.47787719e-01      
3.27500000e+01      3.47787719e-01      
3.32500000e+01      3.41552080e-01      
3.37500000e+01      3.41552080e-01      
3.42500000e+01      1.46034635e-01      
3.47500000e+01      1.46034635e-01      
3.52500000e+01      1.25638062e-01      
3.57500000e+01      1.25638062e-01      
3.61250000e+01      1.61346145e-01      
3.63750000e+01      1.70273166e-01      
3.66250000e+01      1.70273166e-01      
3.68750000e+01      1.22875607e-01      
3.73750000e+01      2.80804890e-02      
3.81250000e+01      1.73873744e-02      
3.88750000e+01      1.20166792e-02      
3.96250000e+01      1.19684033e-02      
4.03750000e+01      2.00727221e-02      
4.11250000e+01      3.29476397e-02      
4.18750000e+01      2.95039580e-02      
4.26250000e+01      9.74167682e-03      
4.33750000e+01      2.27097938e-02      
4.41250000e+01      1.35105505e-02      
4.48750000e+01      9.26428169e-03      
4.56250000e+01      9.97098741e-03      
4.62500000e+01      3.31487893e-02      
4.67500000e+01      3.60460146e-02      
4.72500000e+01      1.43138080e-02      
4.77500000e+01      1.43138080e-02      
4.82500000e+01      2.38362317e-02      
4.87500000e+01      2.38362317e-02      
4.92500000e+01      8.48650310e-02      
4.97500000e+01      8.48650310e-02      
5.02500000e+01      3.45776223e-02      
5.07500000e+01      3.45776223e-02      
5.12500000e+01      1.18497250e-02      
5.17500000e+01      1.18497250e-02      
5.22500000e+01      2.08793321e-02      
5.27500000e+01      2.08793321e-02      
5.32500000e+01      1.53879471e-02      
5.37500000e+01      1.53879471e-02      
5.42500000e+01      9.91868850e-03      
5.47500000e+01      9.91868850e-03      
5.52500000e+01      4.44138394e-02      
5.57500000e+01      4.44138394e-02      
5.62500000e+01      1.35413934e-02      
5.67500000e+01      1.35413934e-02      
5.72500000e+01      1.34911060e-02      
5.77500000e+01      1.34911060e-02      
5.82500000e+01      7.64167463e-02      
5.87500000e+01      7.64167463e-02      
5.92500000e+01      1.59471431e-02      
5.97500000e+01      1.59471431e-02      
6.02500000e+01      6.55948960e-02      
6.07500000e+01      6.55948960e-02      
6.12500000e+01      1.99459978e-02      
6.17500000e+01      1.99459978e-02      
6.21250000e+01      7.32812258e-02      
6.23750000e+01      8.66150328e-02      
6.26250000e+01      8.66150328e-02      
6.28750000e+01      5.42701715e-02      
6.36250000e+01      1.76946305e-02      
6.48750000e+01      4.58178639e-03      
6.61250000e+01      3.68144062e-03      
6.73750000e+01      3.57241752e-03      
6.83750000e+01      1.11356438e-02      
6.91250000e+01      1.02593019e-02      
6.98750000e+01      1.41341144e-02      
7.06250000e+01      2.40172664e-02      
7.13750000e+01      1.05221374e-02      
7.21250000e+01      8.80297853e-03      
7.28750000e+01      8.74531563e-03      
7.36250000e+01      1.03491487e-02      
7.43750000e+01      1.27528869e-02      
7.51250000e+01      1.71956118e-02      
7.58750000e+01      2.92578849e-02      
7.66250000e+01      4.89397062e-02      
7.71250000e+01      4.63784008e-02      
7.73750000e+01      4.50977482e-02      
7.76250000e+01      4.50977482e-02      
7.78750000e+01      4.50977482e-02      
7.81250000e+01      6.28391460e-02      
7.83750000e+01      6.28391460e-02      
7.86250000e+01      6.28391460e-02      
7.88750000e+01      6.28391460e-02      
7.91250000e+01      2.93678467e-02      
7.93750000e+01      2.93678467e-02      
7.96250000e+01      2.93678467e-02      
7.98750000e+01      2.97165061e-02      
8.03750000e+01      3.04138248e-02      
8.11250000e+01      3.31762798e-02      
8.18750000e+01      4.00623023e-02      
8.26250000e+01      5.10718923e-02      
8.30749998e+01      6.88434343e-02      
8.32249994e+01      8.66150328e-02      
8.33749990e+01      8.66150328e-02      
8.35249987e+01      8.66150328e-02      
8.38999987e+01      7.71001975e-02      
8.44999990e+01      6.34224799e-02      
8.50999994e+01      6.82232436e-02      
8.56999998e+01      7.06236368e-02      
8.60625000e+01      7.28001782e-02      
8.61875000e+01      7.48678941e-02      
8.63125000e+01      7.48678941e-02      
8.64375000e+01      7.48678941e-02      
8.65625000e+01      7.48678941e-02      
8.66875000e+01      7.48678941e-02      
8.68125000e+01      7.48678941e-02      
8.69375000e+01      7.48678941e-02      
8.70625000e+01      8.91092883e-02      
8.71875000e+01      8.91092883e-02      
8.73125000e+01      8.91092883e-02      
8.74375000e+01      8.91092883e-02      
8.75625000e+01      8.91092883e-02      
8.76875000e+01      8.91092883e-02      
8.78125000e+01      8.91092883e-02      
8.79375000e+01      8.91092883e-02      
8.80625000e+01      1.01842060e-01      
8.81875000e+01      1.01842060e-01      
8.83125000e+01      1.01842060e-01      
8.84375000e+01      1.01842060e-01      
8.85625000e+01      1.01842060e-01      
8.86875000e+01      1.01842060e-01      
8.88125000e+01      1.01842060e-01      
8.89375000e+01      1.01842060e-01      
8.90625000e+01      1.23867945e-01      
8.91875000e+01      1.23867945e-01      
8.93125000e+01      1.23867945e-01      
8.94375000e+01      1.23867945e-01      
8.95625000e+01      1.23867945e-01      
8.96875000e+01      1.23867945e-01      
8.98125000e+01      1.23867945e-01      
8.99375000e+01      1.23867945e-01      
9.00625000e+01      1.45873715e-01      
9.01875000e+01      1.45873715e-01      
9.03125000e+01      1.45873715e-01      
9.04375000e+01      1.45873715e-01      
9.05749998e+01      1.45873715e-01      
9.07249994e+01      1.45873715e-01      
9.08749990e+01      1.45873715e-01      
9.10249987e+01      1.23998082e-01      
9.11499987e+01      1.11497243e-01      
9.12499990e+01      1.11497243e-01      
9.13499994e+01      1.11497243e-01      
9.14499998e+01      1.11497243e-01      
9.15625000e+01      1.11497243e-01      
9.16875000e+01      1.11497243e-01      
9.18125000e+01      1.11497243e-01      
9.19375000e+01      1.11497243e-01      
9.20375004e+01      5.00486795e-02      
9.21125011e+01      3.98075128e-02      
9.21875019e+01      3.98075128e-02      
9.22625027e+01      3.98075128e-02      
9.23500023e+01      3.98075128e-02      
9.24500008e+01      3.98075128e-02      
9.25499992e+01      3.98075128e-02      
9.26499977e+01      3.98075128e-02      
9.27374973e+01      3.98075128e-02      
9.28124981e+01      3.98075128e-02      
9.28874989e+01      3.98075128e-02      
9.29624996e+01      3.98075128e-02      
9.30375004e+01      3.48391168e-02      
9.31125011e+01      3.48391168e-02      
9.31875019e+01      3.48391168e-02      
9.32625027e+01      3.48391168e-02      
9.33625031e+01      3.48391168e-02      
9.34875031e+01      3.48391168e-02      
9.36125031e+01      3.48391168e-02      
9.37375031e+01      3.48391168e-02      
9.38500023e+01      3.48391168e-02      
9.39500008e+01      3.48391168e-02      
9.40499992e+01      2.48419799e-02      
9.41499977e+01      2.48419799e-02      
9.42749977e+01      2.48419799e-02      
9.44249992e+01      2.48419799e-02      
9.45750008e+01      2.48419799e-02      
9.47250023e+01      2.48419799e-02      
9.48375025e+01      2.48419799e-02      
9.49125013e+01      2.48419799e-02      
9.49875002e+01      2.13265548e-02      
9.50624990e+01      1.42957046e-02      
9.51374989e+01      1.42957046e-02      
9.52124996e+01      1.42957046e-02      
9.52875004e+01      1.42957046e-02      
9.53625011e+01      1.42957046e-02      
9.54250011e+01      1.42957046e-02      
9.54750004e+01      1.42957046e-02      
9.55249996e+01      1.42957046e-02      
9.55749989e+01      1.42957046e-02      
9.56124983e+01      1.42957046e-02      
9.56374979e+01      1.42957046e-02      
9.56624975e+01      1.42957046e-02      
9.56874971e+01      1.42957046e-02      
9.57499971e+01      1.42957046e-02      
9.58499975e+01      1.42957046e-02      
9.59499979e+01      1.42957046e-02      
9.60499983e+01      1.48649478e-02      
9.61624985e+01      1.48649580e-02      
9.62874985e+01      1.48649580e-02      
9.64124985e+01      1.48649580e-02      
9.65374985e+01      1.48649580e-02      
9.66124983e+01      1.48649580e-02      
9.66374979e+01      1.48649580e-02      
9.66624975e+01      1.48649580e-02      
9.66874971e+01      1.48649580e-02      
9.67499971e+01      1.48649580e-02      
9.68499975e+01      1.48649580e-02      
9.69499979e+01      1.48649580e-02      
9.70499983e+01      2.66920758e-01      
9.71499987e+01      2.66925566e-01      
9.72499990e+01      2.66925566e-01      
9.73499994e+01      2.66925566e-01      
9.74499998e+01      2.66925566e-01      
9.75625000e+01      2.66925566e-01      
9.76875000e+01      2.66925566e-01      
9.78125000e+01      2.66925566e-01      
9.79375000e+01      2.66925566e-01      
9.80625000e+01      3.02730201e-02      
9.81875000e+01      3.02730201e-02      
9.83125000e+01      3.02730201e-02      
9.84375000e+01      3.02730201e-02      
9.85124998e+01      3.02730201e-02      
9.85374994e+01      3.02730201e-02      
9.85624990e+01      3.02730201e-02      
9.85874987e+01      3.02730201e-02      
9.86249990e+01      3.02730201e-02      
9.86750002e+01      3.02730201e-02      
9.87250013e+01      3.02730201e-02      
9.87750025e+01      3.02730201e-02      
9.88375025e+01      3.02730201e-02      
9.89125013e+01      3.02730201e-02      
9.89875002e+01      3.57509951e-02      
9.90624990e+01      4.67069452e-02      
9.91249990e+01      4.67069452e-02      
9.91750002e+01      4.67069452e-02      
9.92250013e+01      4.67069452e-02      
9.92750025e+01      4.67069452e-02      
9.93875029e+01      4.67069452e-02      
9.95625025e+01      4.67069452e-02      
9.97375021e+01      4.67069452e-02      
9.99125017e+01      3.62095378e-02      
1.00300001e+02      1.89201347e-02      
1.00900002e+02      1.99017523e-02      
1.01500002e+02      2.18649653e-02      
1.02100002e+02      1.27716122e-01      
1.02475001e+02      2.01350785e-01      
1.02625001e+02      2.01350785e-01      
1.02775001e+02      2.01350785e-01      
1.02925000e+02      2.01350785e-01      
1.03062500e+02      2.07481064e-01      
1.03187500e+02      2.07787573e-01      
1.03312500e+02      2.07787573e-01      
1.03437500e+02      2.07787573e-01      
1.03625000e+02      2.07787573e-01      
1.03875000e+02      2.07787573e-01      
1.04125000e+02      3.01724453e-02      
1.04375000e+02      3.01724453e-02      
1.04650000e+02      3.01724453e-02      
1.04949999e+02      2.86303177e-02      
1.05249998e+02      2.55460036e-02      
1.05549997e+02      2.55460036e-02      
1.05862497e+02      2.54497763e-02      
1.06187498e+02      2.43189909e-02      
1.06512499e+02      2.43189909e-02      
1.06837500e+02      2.43189909e-02      
1.07125000e+02      2.57036478e-02      
1.07375000e+02      2.58074982e-02      
1.07625000e+02      2.58074982e-02      
1.07875000e+02      2.58074982e-02      
1.08125000e+02      4.32874015e-02      
1.08375000e+02      4.32874015e-02      
1.08625000e+02      4.32874015e-02      
1.08875000e+02      4.32874015e-02      
1.09125000e+02      2.91264671e-02      
1.09375000e+02      2.91264671e-02      
1.09625000e+02      2.91264671e-02      
1.09875000e+02      2.91264671e-02      
1.10125000e+02      3.10575036e-02      
1.10375000e+02      3.10575036e-02      
1.10625000e+02      3.10575036e-02      
1.10875000e+02      3.10575036e-02      
1.11013889e+02      3.00986850e-02      
1.11041667e+02      2.81810639e-02      
1.11069445e+02      2.81810639e-02      
1.11097223e+02      2.81810639e-02      
1.11222223e+02      2.81810639e-02      
1.11444445e+02      2.81810639e-02      
1.11666667e+02      2.81810639e-02      
1.11888889e+02      2.82700581e-02      
1.12125000e+02      3.11178485e-02      
1.12375000e+02      3.11178485e-02      
1.12625000e+02      3.11178485e-02      
1.12875000e+02      3.11178485e-02      
1.13125000e+02      2.39770365e-02      
1.13375000e+02      2.39770365e-02      
1.13625000e+02      2.39770365e-02      
1.13875000e+02      2.39770365e-02      
1.14125000e+02      1.62227181e-02      
1.14375000e+02      1.62227181e-02      
1.14625000e+02      1.62227181e-02      
1.14875000e+02      1.62227181e-02      
1.15087500e+02      2.56429964e-02      
1.15262499e+02      2.66523266e-02      
1.15437498e+02      2.66523266e-02      
1.15612497e+02      2.66523266e-02      
1.15774998e+02      2.66523266e-02      
1.15924999e+02      2.66523266e-02      
1.16075001e+02      3.01322153e-02      
1.16225002e+02      3.01322153e-02      
1.16387503e+02      3.01322153e-02      
1.16562502e+02      3.01322153e-02      
1.16737501e+02      3.01322153e-02      
1.16912500e+02      3.01322153e-02      
1.17075000e+02      1.25911674e-01      
1.17224999e+02      1.29902434e-01      
1.17374999e+02      1.29902434e-01      
1.17524999e+02      1.29902434e-01      
1.17687499e+02      1.29902434e-01      
1.17862500e+02      1.29902434e-01      
1.18037501e+02      6.13385466e-02      
1.18212502e+02      3.39138285e-02      
1.18387503e+02      3.39138285e-02      
1.18562502e+02      3.39138285e-02      
1.18737501e+02      3.39138285e-02      
1.18912500e+02      3.66648968e-02      
1.19100000e+02      1.13689774e-01      
1.19300001e+02      1.13689774e-01      
1.19500002e+02      1.13689774e-01      
1.19700003e+02      1.10785453e-01      
1.19887503e+02      1.23753013e-01      
1.20062502e+02      1.23703983e-01      
1.20237501e+02      1.11681375e-01      
1.20412500e+02      3.28397600e-01      
1.20587500e+02      8.27213125e-01      
1.20762499e+02      6.09458421e-01      
1.20937498e+02      2.22150998e-01      
1.21112497e+02      4.52088149e-01      
1.21299997e+02      1.13585848e+01      
1.21499998e+02      4.68726494e+01      
1.21699999e+02      3.09672255e+01      
1.21900000e+02      3.19554098e+00      
1.22087500e+02      3.05647024e-01      
1.22262499e+02      1.43236258e-01      
1.22437498e+02      1.02977358e-01      
1.22612497e+02      8.67698450e-02      
1.22799997e+02      8.08200698e-02      
1.22999998e+02      7.05156303e-02      
1.23199999e+02      6.25374457e-02      
1.23400000e+02      6.02657335e-02      
1.23587500e+02      6.90081220e-02      
1.23762499e+02      1.23959521e-01      
1.23937498e+02      1.32305082e-01      
1.24112497e+02      9.91017483e-02      
1.24299997e+02      9.41435305e-02      
1.24499998e+02      5.71016410e-02      
1.24699999e+02      4.67823808e-02      
1.24900000e+02      4.66742571e-02      
1.25100000e+02      4.83136377e-02      
1.25300001e+02      5.75137740e-02      
1.25500002e+02      6.19817296e-02      
1.25700003e+02      6.81598223e-02      
1.25900002e+02      1.05656796e-01      
1.26100001e+02      1.00763116e-01      
1.26300000e+02      9.98179916e-02      
1.26499999e+02      1.61211481e-01      
1.26699999e+02      8.24717745e-02      
1.26900000e+02      3.75270056e-02      
1.27100000e+02      3.51810703e-02      
1.27300001e+02      3.99659817e-02      
1.27500001e+02      5.72950171e-02      
1.27700000e+02      6.34903738e-02      
1.27899999e+02      5.90299277e-02      
1.28099998e+02      4.56938615e-02      
1.28299997e+02      3.15705206e-02      
1.28499998e+02      3.01548101e-02      
1.28699999e+02      4.37147265e-02      
1.28900000e+02      5.40525796e-02      
1.29112499e+02      3.91696413e-02      
1.29337498e+02      3.92374296e-02      
1.29562496e+02      5.37828337e-02      
1.29787495e+02      6.18845276e-02      
1.29999994e+02      1.68345599e-01      
1.30199995e+02      3.95506196e-01      
1.30399996e+02      5.75258418e-01      
1.30599997e+02      5.57713428e-01      
1.30812498e+02      1.89418609e-01      
1.31037500e+02      9.64377702e-02      
1.31262503e+02      5.92651058e-02      
1.31487505e+02      5.16847471e-02      
1.31700005e+02      6.30300512e-02      
1.31900002e+02      5.78756766e-02      
1.32099998e+02      4.11778674e-02      
1.32299995e+02      4.38754978e-02      
1.32512495e+02      4.44225103e-02      
1.32737497e+02      5.40978188e-02      
1.32962500e+02      6.49333232e-02      
1.33187502e+02      1.89727834e-01      
1.33412502e+02      1.06138376e+00      
1.33637501e+02      8.31057868e-01      
1.33862499e+02      9.65700762e-02      
1.34087498e+02      4.23039899e-02      
1.34312498e+02      4.32516428e-02      
1.34537500e+02      4.38595650e-02      
1.34762503e+02      4.71406913e-02      
1.34987505e+02      7.06287743e-02      
1.35212505e+02      8.58528330e-02      
1.35437504e+02      1.05912695e-01      
1.35662502e+02      1.17681220e-01      
1.35887501e+02      9.14153681e-02      
1.36125000e+02      6.92305294e-02      
1.36375000e+02      6.43035153e-02      
1.36625000e+02      5.92627055e-02      
1.36875000e+02      6.75171529e-02      
1.37112499e+02      7.65814730e-02      
1.37337498e+02      6.85653343e-02      
1.37562496e+02      6.03538752e-02      
1.37787495e+02      6.38419841e-02      
1.38024994e+02      7.13817490e-02      
1.38274994e+02      6.74858577e-02      
1.38524994e+02      6.68479271e-02      
1.38774994e+02      7.19598132e-02      
1.39137495e+02      2.40985734e-01      
1.39612497e+02      2.11625465e-01      
1.40087500e+02      2.09816791e-01      
1.40562502e+02      1.51602360e-01      
1.41050003e+02      1.01577291e-01      
1.41550003e+02      1.00941900e-01      
1.42050003e+02      1.01279921e-01      
1.42550003e+02      1.24063930e-01      
1.42807146e+02      1.05491152e-01      
1.42821433e+02      1.01962598e-01      
1.42835719e+02      1.01600681e-01      
1.42850006e+02      1.04500730e-01      
1.43112505e+02      1.30023214e-01      
1.43623216e+02      1.22628318e-01      
1.44133927e+02      1.16825706e-01      
1.44644638e+02      1.23062544e-01      
1.45162495e+02      1.23493086e-01      
1.45687496e+02      1.33367927e-01      
1.46212498e+02      1.45120766e-01      
1.46737499e+02      1.72185684e-01      
1.47275000e+02      2.27689580e-01      
1.47824999e+02      1.69836970e-01      
1.48374998e+02      2.07132056e-01      
1.48924997e+02      1.79243374e-01      
1.49487497e+02      1.79162449e-01      
1.50062498e+02      1.93886310e-01      
1.50637499e+02      1.97179974e-01      
1.51212500e+02      2.14381775e-01      
1.51787500e+02      2.08189881e-01      
1.52362501e+02      2.62211985e-01      
1.52937502e+02      2.96267269e-01      
1.53512503e+02      3.25403485e-01      
1.54100002e+02      2.78060806e-01      
1.54700001e+02      6.95283181e-01      
1.55299999e+02      4.57724809e-01      
1.55899998e+02      4.92509038e-01      
1.56512497e+02      3.73574106e-01      
1.57137497e+02      4.13571302e-01      
1.57762497e+02      3.74838804e-01      
1.58387497e+02      3.66171849e-01      
1.59024998e+02      3.90574006e-01      
1.59674999e+02      3.73929490e-01      
1.60325001e+02      4.14646749e-01      
1.60975002e+02      4.85111424e-01      
1.61625002e+02      4.85698802e-01      
1.62275000e+02      5.63729593e-01      
1.62924997e+02      5.83875295e-01      
1.63574995e+02      6.46801304e-01      
1.64245829e+02      7.49720251e-01      
1.64937498e+02      6.09524600e-01      
1.65629167e+02      1.28914231e+00      
1.66320837e+02      7.95656668e-01      
1.66670837e+02      7.48239105e-01      
1.66679169e+02      7.42443303e-01      
1.66687500e+02      7.42443303e-01      
1.66695831e+02      7.68899559e-01      
1.67049997e+02      9.34549012e-01      
1.67749998e+02      8.40403110e-01      
1.68449999e+02      9.65259288e-01      
1.69150000e+02      1.17603450e+00      
1.69862499e+02      1.41210853e+00      
1.70587498e+02      1.47858137e+00      
1.71312496e+02      1.47360127e+00      
1.72037495e+02      1.60305240e+00      
1.72587494e+02      1.64778380e+00      
1.72962494e+02      1.52077432e+00      
1.73337494e+02      1.57534808e+00      
1.73712494e+02      1.67763986e+00      
1.74087494e+02      1.86290989e+00      
1.74462494e+02      2.01397749e+00      
1.74837494e+02      1.96551169e+00      
1.75212494e+02      2.25062891e+00      
1.75599995e+02      2.45032019e+00      
1.75999996e+02      2.55962834e+00      
1.76399998e+02      2.43554576e+00      
1.76799999e+02      2.73839984e+00      
1.77200001e+02      3.23322878e+00      
1.77600002e+02      2.89894326e+00      
1.78000004e+02      3.30753095e+00      
1.78400005e+02      3.36108606e+00      
1.78800005e+02      3.53948214e+00      
1.79200003e+02      3.47183935e+00      
1.79600000e+02      3.28012208e+00      
1.79999998e+02      3.64784741e+00      
1.80399998e+02      3.89739832e+00      
1.80799999e+02      4.73455741e+00      
1.81200001e+02      3.95988165e+00      
1.81600002e+02      6.01519291e+00      
1.82012503e+02      5.07508287e+00      
1.82437502e+02      5.00282735e+00      
1.82862501e+02      4.65188142e+00      
1.83287500e+02      5.04802798e+00      
1.83712500e+02      5.19072551e+00      
1.84137499e+02      4.63425182e+00      
1.84562498e+02      4.37985894e+00      
1.84987497e+02      4.20189662e+00      
1.85412497e+02      5.16195970e+00      
1.85837496e+02      5.35946017e+00      
1.86262495e+02      5.49055394e+00      
1.86687494e+02      6.04420971e+00      
1.87124994e+02      6.85976903e+00      
1.87574995e+02      6.65928493e+00      
1.88024996e+02      6.41667156e+00      
1.88474997e+02      7.25244497e+00      
1.88924997e+02      7.70290788e+00      
1.89374998e+02      8.28144333e+00      
1.89824999e+02      7.49874872e+00      
1.90275000e+02      7.98865675e+00      
1.90725000e+02      8.58070860e+00      
1.91175001e+02      8.63524269e+00      
1.91625002e+02      9.29154931e+00      
1.92075003e+02      9.76904142e+00      
1.92537502e+02      9.46250661e+00      
1.93012501e+02      7.99791650e+00      
1.93487499e+02      6.65551167e+00      
1.93962498e+02      9.77669967e+00      
1.94437498e+02      1.21604481e+01      
1.94912500e+02      1.22925678e+01      
1.95387503e+02      1.16639311e+01      
1.95862505e+02      1.21804555e+01      
1.96337505e+02      1.24616659e+01      
1.96812504e+02      1.45249086e+01      
1.97287502e+02      1.35756913e+01      
1.97762501e+02      1.31609069e+01      
1.98250000e+02      1.39286451e+01      
1.98750000e+02      1.28458180e+01      
1.99250000e+02      1.43942679e+01      
1.99750000e+02      1.45781188e+01      
2.00000000e+02      1.48963376e+01      
2.00000001e+02      1.49293259e+01      
2.00000002e+02      1.49293259e+01      
2.00000003e+02      1.49848501e+01      
2.00250003e+02      1.56121654e+01      
2.00750002e+02      1.61828935e+01      
2.01250001e+02      1.69504787e+01      
2.01750000e+02      1.77057630e+01      
2.02262501e+02      1.76569377e+01      
2.02787502e+02      1.77552020e+01      
2.03312504e+02      1.94189880e+01      
2.03837505e+02      2.00540574e+01      
2.04362505e+02      2.19785816e+01      
2.04887503e+02      2.25588350e+01      
2.05412500e+02      2.27833574e+01      
2.05937498e+02      2.26776105e+01      
2.06462498e+02      2.33486766e+01      
2.06987499e+02      2.51718631e+01      
2.07512501e+02      2.74056826e+01      
2.08037502e+02      2.85548747e+01      
2.08575003e+02      3.21724616e+01      
2.09125002e+02      3.94065130e+01      
2.09675001e+02      4.80102275e+01      
2.10225000e+02      5.51990008e+01      
2.10787500e+02      6.18569104e+01      
2.11362501e+02      6.83043379e+01      
2.11937502e+02      8.03251322e+01      
2.12512503e+02      6.11612221e+01      
2.13087503e+02      6.51856662e+01      
2.13662504e+02      6.89269081e+01      
2.14237505e+02      8.70249070e+01      
2.14812506e+02      8.28097995e+01      
2.15387505e+02      8.01366934e+01      
2.15962502e+02      6.93279625e+01      
2.16537498e+02      6.77850101e+01      
2.17112495e+02      6.85561438e+01      
2.17724995e+02      7.52089023e+01      
2.18374996e+02      9.95842547e+01      
2.19024998e+02      9.14306721e+01      
2.19674999e+02      1.03663190e+02      
2.20275000e+02      1.06572046e+02      
2.20824999e+02      8.98898296e+01      
2.21374998e+02      8.01394448e+01      
2.21924997e+02      8.81450496e+01      
2.22512497e+02      1.03583874e+02      
2.23137497e+02      1.22443836e+02      
2.23762497e+02      1.38920688e+02      
2.24387497e+02      1.21404957e+02      
2.25024998e+02      1.20519525e+02      
2.25674999e+02      1.05527143e+02      
2.26325001e+02      8.67107801e+01      
2.26975002e+02      7.02603364e+01      
2.27625002e+02      8.36625103e+01      
2.28275000e+02      1.10255528e+02      
2.28924997e+02      1.02310327e+02      
2.29574995e+02      9.94801715e+01      
2.30237495e+02      1.00166849e+02      
2.30912498e+02      1.13323655e+02      
2.31587502e+02      1.05200473e+02      
2.32262505e+02      1.13093456e+02      
2.32937506e+02      1.00738691e+02      
2.33612505e+02      9.04081195e+01      
2.34287504e+02      7.87106538e+01      
2.34962503e+02      8.88132469e+01      
2.35587884e+02      1.14162356e+02      
2.36163647e+02      9.96472565e+01      
2.36739410e+02      9.76467854e+01      
2.37315172e+02      1.08273526e+02      
2.37665173e+02      1.01763908e+02      
2.37789411e+02      1.11281228e+02      
2.37913649e+02      9.64379554e+01      
2.38037887e+02      8.02542749e+01      
2.38462505e+02      8.45160433e+01      
2.39187504e+02      9.59392529e+01      
2.39912502e+02      8.44832378e+01      
2.40637501e+02      8.13331686e+01      
2.41362499e+02      9.35843260e+01      
2.42087498e+02      1.38819564e+02      
2.42812496e+02      1.47146751e+02      
2.43537495e+02      1.35714556e+02      
2.44274994e+02      1.34530809e+02      
2.45024994e+02      1.10729731e+02      
2.45774994e+02      1.02812962e+02      
2.46524994e+02      1.01588461e+02      
2.47287495e+02      1.15017165e+02      
2.48062496e+02      1.04332857e+02      
2.48837498e+02      8.88856633e+01      
2.49612499e+02      1.23343221e+02      
2.50400000e+02      1.24462665e+02      
2.51199999e+02      1.07080408e+02      
2.51999998e+02      8.54011141e+01      
2.52799997e+02      8.77768362e+01      
2.53599997e+02      1.08928528e+02      
2.54399996e+02      1.20403973e+02      
2.55199995e+02      1.48002832e+02      
2.55999994e+02      1.79765902e+02      
2.56812496e+02      2.33375106e+02      
2.57637501e+02      2.54521203e+02      
2.58462505e+02      2.59695709e+02      
2.59287510e+02      2.44683262e+02      
2.60137512e+02      1.84350792e+02      
2.61012512e+02      1.66810734e+02      
2.61887512e+02      2.07072786e+02      
2.62762512e+02      2.13666842e+02      
2.63637512e+02      3.70704901e+02      
2.64512512e+02      5.20312923e+02      
2.65387512e+02      5.19712600e+02      
2.66262512e+02      5.27810789e+02      
2.67150009e+02      5.16942389e+02      
2.68050003e+02      5.20628965e+02      
2.68949997e+02      5.00034579e+02      
2.69849991e+02      5.19902376e+02      
2.70762489e+02      5.54302191e+02      
2.71687492e+02      4.41828030e+02      
2.72612495e+02      4.23210919e+02      
2.73537498e+02      4.29721636e+02      
2.74125601e+02      3.08130897e+02      
2.74376802e+02      2.61437228e+02      
2.74628003e+02      2.80786458e+02      
2.74879204e+02      2.68584640e+02      
2.75354202e+02      3.53689002e+02      
2.76052998e+02      4.64155169e+02      
2.76751794e+02      5.25712315e+02      
2.77450590e+02      5.08404952e+02      
2.78287491e+02      3.59986815e+02      
2.79262497e+02      2.15867957e+02      
2.80237503e+02      1.70301752e+02      
2.81212509e+02      3.59152866e+02      
2.82113240e+02      5.62803555e+02      
2.82939697e+02      6.53105028e+02      
2.83766153e+02      6.45877673e+02      
2.84592609e+02      5.17210184e+02      
2.85092609e+02      3.12129757e+02      
2.85266153e+02      2.30542017e+02      
2.85439697e+02      2.55202119e+02      
2.85613240e+02      3.80393928e+02      
2.86225010e+02      6.45267543e+02      
2.87275005e+02      7.32780031e+02      
2.88325001e+02      6.40471110e+02      
2.89374996e+02      9.26314131e+02      
2.90424995e+02      1.24600388e+03      
2.91474998e+02      1.20474047e+03      
2.92525002e+02      1.06860015e+03      
2.93575005e+02      1.11684722e+03      
2.94650005e+02      1.05415418e+03      
2.95750004e+02      1.16792583e+03      
2.96850002e+02      9.73135678e+02      
2.97950001e+02      1.06969820e+03      
2.99062500e+02      9.87110015e+02      
3.00187500e+02      9.06941507e+02      
3.01312500e+02      9.62058295e+02      
3.02437500e+02      9.81931836e+02      
3.03513304e+02      1.29662368e+03      
3.04539913e+02      1.24715663e+03      
3.05566522e+02      1.22702572e+03      
3.06593131e+02      1.16974022e+03      
3.07180632e+02      1.28779982e+03      
3.07329027e+02      1.30177452e+03      
3.07477421e+02      1.32018270e+03      
3.07625815e+02      1.29255215e+03      
3.08300011e+02      1.30580306e+03      
3.09500008e+02      1.05623423e+03      
3.10700005e+02      1.39644257e+03      
3.11900002e+02      1.43818022e+03      
3.13125000e+02      1.41832309e+03      
3.14375000e+02      1.41099477e+03      
3.15625000e+02      1.28542083e+03      
3.16875000e+02      1.48997979e+03      
3.18125000e+02      1.43160126e+03      
3.19375000e+02      1.46820969e+03      
3.20625000e+02      1.63470213e+03      
3.21875000e+02      1.46045674e+03      
3.23125000e+02      1.34292831e+03      
3.24375000e+02      1.56988134e+03      
3.25625000e+02      1.87424978e+03      
3.26875000e+02      2.01976234e+03      
3.27713409e+02      1.97642493e+03      
3.28140227e+02      1.90449326e+03      
3.28567045e+02      1.89948785e+03      
3.28993862e+02      2.03460420e+03      
3.29618862e+02      2.26521355e+03      
3.30442045e+02      2.11938772e+03      
3.31265227e+02      2.00881477e+03      
3.32088409e+02      2.00218364e+03      
3.33125000e+02      1.94609034e+03      
3.34375000e+02      1.98435788e+03      
3.35625000e+02      1.90702470e+03      
3.36875000e+02      1.68261446e+03      
3.37962972e+02      1.86310625e+03      
3.38888917e+02      1.97709144e+03      
3.39814862e+02      2.08452912e+03      
3.40740807e+02      2.04924994e+03      
3.41365807e+02      1.91560563e+03      
3.41689862e+02      1.88254866e+03      
3.42013917e+02      2.08852688e+03      
3.42337972e+02      2.03878516e+03      
3.42812500e+02      2.11826796e+03      
3.43437500e+02      2.07251952e+03      
3.44062500e+02      1.66452997e+03      
3.44687500e+02      1.82517417e+03      
3.46250000e+02      1.94821389e+03      
3.48750000e+02      1.86791502e+03      
3.51250000e+02      2.09574007e+03      
3.53750000e+02      2.16761333e+03      
3.56250000e+02      1.98892917e+03      
3.58750000e+02      1.77884250e+03      
3.61250000e+02      1.96208716e+03      
3.63750000e+02      2.13811964e+03      
3.66250000e+02      2.50689049e+03      
3.68750000e+02      2.44282554e+03      
3.71250000e+02      2.38361340e+03      
3.73750000e+02      1.99722169e+03      
3.76250000e+02      2.28588915e+03      
3.78750000e+02      2.55151996e+03      
3.81250000e+02      2.25750074e+03      
3.83750000e+02      1.61410533e+03      
3.85625050e+02      2.07627313e+03      
3.86875151e+02      2.10279309e+03      
3.88125252e+02      2.07495318e+03      
3.89375353e+02      2.32787754e+03      
3.90625353e+02      2.55370004e+03      
3.91875252e+02      2.52913184e+03      
3.93125151e+02      1.48573507e+03      
3.94375050e+02      2.08711274e+03      
3.96250000e+02      1.97959316e+03      
3.98750000e+02      2.99217384e+03      
4.01250000e+02      3.51693361e+03      
4.03750000e+02      3.47923937e+03      
4.06250000e+02      3.35726907e+03      
4.08750000e+02      3.44535339e+03      
4.11250000e+02      3.46112348e+03      
4.13750000e+02      3.57664946e+03      
4.16250000e+02      3.59708808e+03      
4.18750000e+02      3.51180251e+03      
4.21250000e+02      3.60535916e+03      
4.23750000e+02      3.47888571e+03      
4.26250000e+02      3.46030745e+03      
4.28750000e+02      3.26147754e+03      
4.31250000e+02      2.97230270e+03      
4.33750000e+02      3.32506357e+03      
4.36250000e+02      3.65428491e+03      
4.38750000e+02      3.55737210e+03      
4.41250000e+02      3.83353776e+03      
4.43750000e+02      3.97392807e+03      
4.45625561e+02      3.81928661e+03      
4.46876683e+02      3.98137149e+03      
4.48127805e+02      4.11042042e+03      
4.49378927e+02      4.11432888e+03      
4.50628927e+02      4.35360322e+03      
4.51877805e+02      4.28810729e+03      
4.53126683e+02      3.88543510e+03      
4.54375561e+02      4.19654924e+03      
4.56250000e+02      4.24553233e+03      
4.58750000e+02      4.20029298e+03      
4.61250000e+02      4.23383280e+03      
4.63750000e+02      4.21968678e+03      
4.66250000e+02      4.09418076e+03      
4.68750000e+02      4.13543539e+03      
4.71250000e+02      4.07257782e+03      
4.73750000e+02      4.20464183e+03      
4.76250000e+02      4.18763028e+03      
4.78750000e+02      4.25569984e+03      
4.81250000e+02      4.25771248e+03      
4.83750000e+02      4.15759496e+03      
4.86250000e+02      3.61188495e+03      
4.88750000e+02      3.98125872e+03      
4.91250000e+02      4.00179270e+03      
4.93750000e+02      4.03676353e+03      
4.96250000e+02      4.07787198e+03      
4.98750000e+02      3.97890190e+03      
5.01250000e+02      3.76553444e+03      
5.03750000e+02      3.91290759e+03      
5.06250000e+02      3.99185455e+03      
5.08750000e+02      3.79238701e+03      
5.11250000e+02      3.93635950e+03      
5.13750000e+02      3.72597757e+03      
5.16250000e+02      3.54185598e+03      
5.18750000e+02      3.54918455e+03      
5.21250000e+02      3.79485087e+03      
5.23750000e+02      3.74857768e+03      
5.26250000e+02      3.64940337e+03      
5.28750000e+02      3.82979848e+03      
5.31250000e+02      3.89536771e+03      
5.33750000e+02      3.70157536e+03      
5.35626888e+02      3.89238831e+03      
5.36880663e+02      3.77189578e+03      
5.38134438e+02      3.84544027e+03      
5.39388214e+02      3.77369623e+03      
5.40638214e+02      3.61277004e+03      
5.41884438e+02      3.78266359e+03      
5.43130663e+02      3.72006099e+03      
5.44376888e+02      3.83371290e+03      
5.45563869e+02      3.84921318e+03      
5.46691608e+02      3.86003623e+03      
5.47819347e+02      3.76823105e+03      
5.48947086e+02      3.81099340e+03      
5.50197086e+02      3.83903577e+03      
5.51569347e+02      3.80684651e+03      
5.52941608e+02      3.76204952e+03      
5.54313869e+02      3.85731330e+03      
5.56250000e+02      3.77081508e+03      
5.58750000e+02      3.64946909e+03      
5.61250000e+02      3.68122298e+03      
5.63750000e+02      3.75926570e+03      
5.65200540e+02      3.71421206e+03      
5.65601619e+02      3.64968305e+03      
5.66002698e+02      3.48401643e+03      
5.66403777e+02      3.64218585e+03      
5.67653777e+02      3.71236200e+03      
5.69752698e+02      3.65197516e+03      
5.71851619e+02      3.66072536e+03      
5.73950540e+02      3.76933614e+03      
5.76250000e+02      3.68495255e+03      
5.78750000e+02      3.65496796e+03      
5.81250000e+02      3.69973562e+03      
5.83750000e+02      3.72028303e+03      
5.86250000e+02      3.62465948e+03      
5.88750000e+02      3.44996480e+03      
5.91250000e+02      3.61725621e+03      
5.93750000e+02      3.60091780e+03      
5.96250000e+02      3.58304227e+03      
5.98750000e+02      3.54902260e+03      
6.01250000e+02      3.48732733e+03      
6.03750000e+02      3.53396969e+03      
6.05004234e+02      3.56020253e+03      
6.05012703e+02      3.56652982e+03      
6.05021172e+02      3.56724797e+03      
6.05029640e+02      3.54728581e+03      
6.06279640e+02      3.54215037e+03      
6.08771172e+02      3.51234910e+03      
6.11262703e+02      3.47648983e+03      
6.13754234e+02      3.41055802e+03      
6.16250000e+02      3.35204955e+03      
6.18750000e+02      3.42572747e+03      
6.21250000e+02      3.42428834e+03      
6.23750000e+02      3.33234051e+03      
6.26250000e+02      3.35542049e+03      
6.28750000e+02      3.39944938e+03      
6.31250000e+02      3.31369037e+03      
6.33750000e+02      3.32647872e+03      
6.36250000e+02      3.31209579e+03      
6.38750000e+02      3.31588435e+03      
6.41250000e+02      3.23847747e+03      
6.43750000e+02      3.27671907e+03      
6.46250000e+02      3.22857965e+03      
6.48750000e+02      3.20182165e+03      
6.51250000e+02      3.22920776e+03      
6.53750000e+02      3.18381068e+03      
6.56250000e+02      2.82443517e+03      
6.58750000e+02      3.09477524e+03      
6.61250000e+02      3.15013051e+03      
6.63750000e+02      3.09110537e+03      
6.65208336e+02      3.09148583e+03      
6.65625007e+02      3.10872648e+03      
6.66041679e+02      3.09575201e+03      
6.66458351e+02      3.03241300e+03      
6.67708351e+02      3.09373460e+03      
6.69791679e+02      3.11625144e+03      
6.71875007e+02      3.10528334e+03      
6.73958336e+02      3.10953914e+03      
6.76250000e+02      3.07499953e+03      
6.78750000e+02      3.03799677e+03      
6.81250000e+02      3.01445268e+03      
6.83750000e+02      2.99876603e+03      
6.85760623e+02      3.01495268e+03      
6.87281868e+02      3.04232443e+03      
6.88803113e+02      3.00163552e+03      
6.90324358e+02      2.98020549e+03      
6.91574358e+02      2.94369872e+03      
6.92553113e+02      2.93790633e+03      
6.93531868e+02      2.94157968e+03      
6.94510623e+02      2.94707367e+03      
6.96250000e+02      2.97288110e+03      
6.98750000e+02      2.94372117e+03      
7.01250000e+02      2.90100679e+03      
7.03750000e+02      2.92552883e+03      
7.06250000e+02      2.90628349e+03      
7.08750000e+02      2.87493136e+03      
7.11250000e+02      2.83820327e+03      
7.13750000e+02      2.79862657e+03      
7.16250000e+02      2.77529525e+03      
7.18750000e+02      2.74167544e+03      
7.21250000e+02      2.74612076e+03      
7.23750000e+02      2.74169820e+03      
7.26250000e+02      2.72571846e+03      
7.28750000e+02      2.66900400e+03      
7.31250000e+02      2.69065614e+03      
7.33750000e+02      2.68817765e+03      
7.36250000e+02      2.66217368e+03      
7.38750000e+02      2.61490331e+03      
7.41250000e+02      2.58629647e+03      
7.43750000e+02      2.61848562e+03      
7.45859962e+02      2.61387250e+03      
7.47579885e+02      2.62334413e+03      
7.49299808e+02      2.58328384e+03      
7.51019731e+02      2.57470365e+03      
7.52269731e+02      2.57413243e+03      
7.53049808e+02      2.58067066e+03      
7.53829885e+02      2.59338129e+03      
7.54609962e+02      2.58086682e+03      
7.56250000e+02      2.56949986e+03      
7.58750000e+02      2.54525466e+03      
7.61250000e+02      2.50047679e+03      
7.63750000e+02      2.52255639e+03      
7.66250000e+02      2.43848292e+03      
7.68750000e+02      2.47130795e+03      
7.71250000e+02      2.44377116e+03      
7.73750000e+02      2.43958909e+03      
7.75857604e+02      2.40826548e+03      
7.77572811e+02      2.39848351e+03      
7.79288018e+02      2.39095706e+03      
7.81003225e+02      2.38216490e+03      
7.82253225e+02      2.40314720e+03      
7.83038018e+02      2.36629201e+03      
7.83822811e+02      2.34293165e+03      
7.84607604e+02      2.37303756e+03      
7.86250000e+02      2.35072176e+03      
7.88750000e+02      2.36248427e+03      
7.91250000e+02      2.33671592e+03      
7.93750000e+02      2.27029765e+03      
7.96250000e+02      2.31902827e+03      
7.98750000e+02      2.29967274e+03      
8.01250000e+02      2.28788169e+03      
8.03750000e+02      2.27055418e+03      
8.06250000e+02      2.26772110e+03      
8.08750000e+02      2.24463595e+03      
8.11250000e+02      2.26065756e+03      
8.13750000e+02      2.26393201e+03      
8.16250000e+02      2.24002124e+03      
8.18750000e+02      2.17946005e+03      
8.21250000e+02      2.15889402e+03      
8.23750000e+02      2.18439175e+03      
8.26250000e+02      2.18311376e+03      
8.28750000e+02      2.16186430e+03      
8.31250000e+02      2.15232322e+03      
8.33750000e+02      2.08389968e+03      
8.35932497e+02      2.12766781e+03      
8.37797491e+02      2.10753880e+03      
8.39662485e+02      2.09598106e+03      
8.41527480e+02      2.10099929e+03      
8.42777480e+02      2.05531701e+03      
8.43412485e+02      2.04221702e+03      
8.44047491e+02      2.02877489e+03      
8.44682497e+02      2.08852773e+03      
8.46250000e+02      2.06869188e+03      
8.48750000e+02      1.99846538e+03      
8.51250000e+02      1.94777195e+03      
8.53750000e+02      1.73738727e+03      
8.56250000e+02      1.97535687e+03      
8.58750000e+02      1.98750137e+03      
8.61250000e+02      1.99909057e+03      
8.63750000e+02      2.02595738e+03      
8.66250000e+02      1.83867416e+03      
8.68750000e+02      1.98154215e+03      
8.71250000e+02      2.02058074e+03      
8.73750000e+02      1.98179848e+03      
8.76250000e+02      1.94062287e+03      
8.78750000e+02      1.95114082e+03      
8.81250000e+02      1.90278727e+03      
8.83750000e+02      1.91082926e+03      
8.85783196e+02      1.89206287e+03      
8.87349589e+02      1.86222158e+03      
8.88915982e+02      1.90123373e+03      
8.90482375e+02      1.90739495e+03      
8.91732375e+02      1.88309583e+03      
8.92665982e+02      1.83736139e+03      
8.93599589e+02      1.87193241e+03      
8.94533196e+02      1.83476912e+03      
8.96250000e+02      1.86606343e+03      
8.98750000e+02      1.84913749e+03      
9.01250000e+02      1.76113860e+03      
9.03750000e+02      1.83746680e+03      
9.06250000e+02      1.81746220e+03      
9.08750000e+02      1.76716998e+03      
9.11250000e+02      1.77296630e+03      
9.13750000e+02      1.79976146e+03      
9.16250000e+02      1.77621330e+03      
9.18750000e+02      1.76849035e+03      
9.21250000e+02      1.72084782e+03      
9.23750000e+02      1.68292972e+03      
9.26250000e+02      1.70601502e+03      
9.28750000e+02      1.73065660e+03      
9.31250000e+02      1.72507605e+03      
9.33750000e+02      1.72159045e+03      
9.36250000e+02      1.69673835e+03      
9.38750000e+02      1.69606158e+03      
9.41250000e+02      1.63167629e+03      
9.43750000e+02      1.65503487e+03      
9.46250000e+02      1.66337205e+03      
9.48750000e+02      1.66682725e+03      
9.51250000e+02      1.64832992e+03      
9.53750000e+02      1.61257523e+03      
9.55817304e+02      1.58524876e+03      
9.57451913e+02      1.61333887e+03      
9.59086521e+02      1.62951567e+03      
9.60721130e+02      1.60158098e+03      
9.61971130e+02      1.61516703e+03      
9.62836521e+02      1.58737332e+03      
9.63701913e+02      1.58729964e+03      
9.64567304e+02      1.59454909e+03      
9.66250000e+02      1.57750243e+03      
9.68750000e+02      1.58105282e+03      
9.71250000e+02      1.57755921e+03      
9.73750000e+02      1.55405589e+03      
9.76250000e+02      1.55430133e+03      
9.78750000e+02      1.54463453e+03      
9.81250000e+02      1.54608284e+03      
9.83750000e+02      1.53385785e+03      
9.86250000e+02      1.52472062e+03      
9.88750000e+02      1.50969209e+03      
9.91250000e+02      1.50615634e+03      
9.93750000e+02      1.50683641e+03      
9.96250000e+02      1.49870432e+03      
9.98750000e+02      1.48955855e+03      
1.00125000e+03      1.48567189e+03      
1.00375000e+03      1.44878066e+03      
1.00625000e+03      1.41733511e+03      
1.00875000e+03      1.45826372e+03      
1.01125000e+03      1.45107283e+03      
1.01375000e+03      1.43813011e+03      
1.01625000e+03      1.42467846e+03      
1.01875000e+03      1.41055026e+03      
1.02125000e+03      1.40662751e+03      
1.02375000e+03      1.41567628e+03      
1.02625000e+03      1.40911627e+03      
1.02875000e+03      1.39758336e+03      
1.03125000e+03      1.39077491e+03      
1.03375000e+03      1.36641155e+03      
1.03515868e+03      1.35756184e+03      
1.03547603e+03      1.37472451e+03      
1.03579339e+03      1.37733121e+03      
1.03611075e+03      1.37846012e+03      
1.03736075e+03      1.35415257e+03      
1.03954339e+03      1.35964804e+03      
1.04172603e+03      1.35676551e+03      
1.04390868e+03      1.35167086e+03      
1.04625000e+03      1.32797460e+03      
1.04875000e+03      1.34195007e+03      
1.05125000e+03      1.33319650e+03      
1.05375000e+03      1.32532935e+03      
1.05625000e+03      1.32675025e+03      
1.05875000e+03      1.29973456e+03      
1.06125000e+03      1.29724347e+03      
1.06375000e+03      1.29905871e+03      
1.06556484e+03      1.30069240e+03      
1.06669451e+03      1.27316233e+03      
1.06782418e+03      1.29164447e+03      
1.06895385e+03      1.22456978e+03      
1.07020385e+03      1.26927394e+03      
1.07157418e+03      1.27907573e+03      
1.07294451e+03      1.25384366e+03      
1.07431484e+03      1.26597136e+03      
1.07625000e+03      1.26684519e+03      
1.07875000e+03      1.25609475e+03      
1.08125000e+03      1.24031048e+03      
1.08375000e+03      1.23233270e+03      
1.08687500e+03      1.22652458e+03      
1.09062500e+03      1.22945886e+03      
1.09437500e+03      1.17337991e+03      
1.09812500e+03      1.19004730e+03      
1.10374294e+03      1.18842369e+03      
1.11122881e+03      1.17724290e+03      
1.11871468e+03      1.15809140e+03      
1.12620055e+03      1.13234905e+03      
1.13903128e+03      1.10493259e+03      
1.15720685e+03      1.07408402e+03      
1.17538242e+03      1.03784179e+03      
1.19355799e+03      1.00117046e+03      
1.21571375e+03      9.67587186e+02      
1.24184971e+03      9.26786246e+02      
1.26798566e+03      8.90460857e+02      
1.29412161e+03      8.46418108e+02      
1.32261778e+03      8.10974002e+02      
1.35347418e+03      7.73613367e+02      
1.38433059e+03      7.37628604e+02      
1.41518699e+03      6.98832888e+02      
1.44740644e+03      6.66003154e+02      
1.48098895e+03      6.30259493e+02      
1.51457146e+03      5.94455858e+02      
1.54815397e+03      5.64134001e+02      
1.58029753e+03      5.29405134e+02      
1.61100215e+03      5.04563935e+02      
1.64170676e+03      4.76164898e+02      
1.67241138e+03      4.47981247e+02      
1.70956790e+03      4.21936185e+02      
1.75317633e+03      3.85796765e+02      
1.79678476e+03      3.56095927e+02      
1.84039319e+03      3.29906120e+02      
1.88194796e+03      3.02112895e+02      
1.92144910e+03      2.84170136e+02      
1.96095023e+03      2.61507486e+02      
2.00045136e+03      2.44961443e+02      
2.04300708e+03      2.26850318e+02      
2.08861738e+03      2.10415325e+02      
2.13422769e+03      1.95233345e+02      
2.17983800e+03      1.78570716e+02      
2.23748645e+03      1.62421902e+02      
2.30717304e+03      1.44469376e+02      
2.37685964e+03      1.27924901e+02      
2.44654623e+03      1.15716869e+02      
2.50366265e+03      1.06893000e+02      
2.54820889e+03      1.00228638e+02      
2.59275514e+03      9.44062441e+01      
2.63730139e+03      8.87337341e+01      
2.69209120e+03      8.26460461e+01      
2.75712457e+03      7.63352640e+01      
2.82215795e+03      7.03537339e+01      
2.88719133e+03      6.50369202e+01      
2.94894192e+03      6.03576357e+01      
3.00740972e+03      5.62812663e+01      
3.06587753e+03      5.25777933e+01      
3.12434533e+03      4.94240220e+01      
3.16430572e+03      4.72217132e+01      
3.18575868e+03      4.58649620e+01      
3.20721164e+03      4.47955617e+01      
3.22866461e+03      4.37764406e+01      
3.24919847e+03      4.27418717e+01      
3.26881322e+03      4.18499802e+01      
3.28842798e+03      4.09873450e+01      
3.30804273e+03      4.00709440e+01      
3.32814434e+03      3.92581894e+01      
3.34873280e+03      3.83809993e+01      
3.36932126e+03      3.75397376e+01      
3.38990971e+03      3.67613942e+01      
3.41102225e+03      3.59101627e+01      
3.43265885e+03      3.51153862e+01      
3.45429546e+03      3.43587074e+01      
3.47593206e+03      3.35664082e+01      
3.49797380e+03      3.28056565e+01      
3.52042067e+03      3.20835048e+01      
3.54286754e+03      3.13572488e+01      
3.56531441e+03      3.06123538e+01      
3.58902943e+03      2.99034786e+01      
3.61401260e+03      2.91779905e+01      
3.63899577e+03      2.84652227e+01      
3.66397893e+03      2.77687918e+01      
3.68950149e+03      2.70557613e+01      
3.71556345e+03      2.63810189e+01      
3.74162540e+03      2.57227578e+01      
3.76768735e+03      2.50088319e+01      
3.80933142e+03      2.40053697e+01      
3.86655760e+03      2.28331775e+01      
3.92378378e+03      2.16426128e+01      
3.98100996e+03      2.05722632e+01      
4.02990538e+03      1.96657502e+01      
4.07047004e+03      1.89150353e+01      
4.11103469e+03      1.82509896e+01      
4.15159935e+03      1.74982831e+01      
4.21857828e+03      1.65054238e+01      
4.31197149e+03      1.53147899e+01      
4.40536469e+03      1.41533729e+01      
4.49875790e+03      1.31093574e+01      
4.58702880e+03      1.21998284e+01      
4.67017740e+03      1.14015505e+01      
4.75332600e+03      1.06810125e+01      
4.83647460e+03      1.00288538e+01      
4.90931845e+03      9.49015589e+00      
4.97185755e+03      9.02973192e+00      
5.03439665e+03      8.62267495e+00      
5.09693575e+03      8.22757136e+00      
5.16285533e+03      7.84073982e+00      
5.23215538e+03      7.46529801e+00      
5.30145544e+03      7.10560084e+00      
5.37075549e+03      6.76339168e+00      
5.44401556e+03      6.43074354e+00      
5.52123564e+03      6.09923620e+00      
5.59845573e+03      5.79042697e+00      
5.67567581e+03      5.49677047e+00      
5.75757587e+03      5.20772420e+00      
5.84415591e+03      4.92626448e+00      
5.93073595e+03      4.66036126e+00      
6.01731598e+03      4.40780592e+00      
6.10948187e+03      4.16156611e+00      
6.20723361e+03      3.92192462e+00      
6.30498534e+03      3.69710750e+00      
6.40273708e+03      3.48459524e+00      
6.50723028e+03      3.27727401e+00      
6.61846495e+03      3.07506396e+00      
6.72969961e+03      2.88745497e+00      
6.84093428e+03      2.70829464e+00      
6.96040857e+03      2.53635375e+00      
7.08812249e+03      2.36941470e+00      
7.21583641e+03      2.21319467e+00      
7.34355032e+03      2.07158620e+00      
7.46187353e+03      1.94914309e+00      
7.57080603e+03      1.84191123e+00      
7.67973852e+03      1.74414372e+00      
7.78867102e+03      1.65108439e+00      
7.90441173e+03      1.56009053e+00      
8.02696067e+03      1.47172787e+00      
8.14950961e+03      1.38871530e+00      
8.27205855e+03      1.30732104e+00      
8.41982520e+03      1.22176022e+00      
8.59280956e+03      1.13345053e+00      
8.76579392e+03      1.04911661e+00      
8.93877828e+03      9.77638788e-01      
9.07082057e+03      9.23632935e-01      
9.16192079e+03      8.84751659e-01      
9.25302100e+03      8.51451967e-01      
9.34412122e+03      8.17483684e-01      
9.46596241e+03      7.77697851e-01      
9.61854458e+03      7.33399195e-01      
9.77112675e+03      6.90191515e-01      
9.92370892e+03      6.49867035e-01      
1.00797873e+04      6.11535697e-01      
1.02393618e+04      5.75661995e-01      
1.03989363e+04      5.42241651e-01      
1.05585108e+04      5.10339408e-01      
1.07370822e+04      4.78158432e-01      
1.09346507e+04      4.46332974e-01      
1.11322191e+04      4.16428438e-01      
1.13297875e+04      3.87613411e-01      
1.15625002e+04      3.58237876e-01      
1.18303573e+04      3.28715686e-01      
1.20982144e+04      3.01236755e-01      
1.23660715e+04      2.75784455e-01      
1.26736112e+04      2.50663208e-01      
1.30208335e+04      2.26237710e-01      
1.33680558e+04      2.04181259e-01      
1.37152781e+04      1.85143346e-01      
1.40268412e+04      1.69612938e-01      
1.43027449e+04      1.56734295e-01      
1.45786486e+04      1.45461001e-01      
1.48545523e+04      1.35049956e-01      
1.51443729e+04      1.25227003e-01      
1.54481106e+04      1.15983142e-01      
1.57518482e+04      1.07413150e-01      
1.60555859e+04      9.89926307e-02      
1.64751008e+04      8.95171903e-02      
1.70103929e+04      7.95004885e-02      
1.75456851e+04      7.04004416e-02      
1.80809772e+04      6.26843665e-02      
1.85802979e+04      5.63068098e-02      
1.90436473e+04      5.09997026e-02      
1.95069966e+04      4.64141118e-02      
1.99703460e+04      4.21276488e-02      
2.05176771e+04      3.78875328e-02      
2.11489899e+04      3.37644021e-02      
2.17803028e+04      3.00697807e-02      
2.24116156e+04      2.67085951e-02      
2.31758368e+04      2.34142529e-02      
2.40729663e+04      2.02692675e-02      
2.49700959e+04      1.75398286e-02      
2.58672254e+04      1.52290163e-02      
2.68141952e+04      1.32147964e-02      
2.78110051e+04      1.14563215e-02      
2.88078151e+04      9.96864159e-03      
2.98046250e+04      8.66136148e-03      
3.09794371e+04      7.43662350e-03      
3.23322513e+04      6.31508676e-03      
3.36850655e+04      5.36764051e-03      
3.50378797e+04      4.52474011e-03      
3.69318190e+04      3.67867220e-03      
3.93668833e+04      2.89863639e-03      
4.18019476e+04      2.28296361e-03      
4.42370119e+04      1.78797569e-03      
4.75852261e+04      1.34212408e-03      
5.18465900e+04      9.73165410e-04      
5.61079540e+04      7.10269486e-04      
6.03693180e+04      5.10078589e-04      
6.71875000e+04      3.36227895e-04      
7.65625000e+04      2.07662713e-04      
8.59375000e+04      1.30724648e-04      
9.53125000e+04      9.04188670e-05      
1.00000000e+05      3.99000685e-05      
