Wavelength(nm)      SolarFlux(mW/m^2/nm)
1.00000000e+00      1.04939136e-04      
1.37500000e+00      8.39482287e-05      
2.12500000e+00      8.06324970e-04      
2.87500000e+00      1.03219411e-03      
3.62500000e+00      7.61555661e-04      
4.12500000e+00      9.56320890e-04      
4.37500000e+00      1.05370351e-03      
4.62500000e+00      1.05370351e-03      
4.87500000e+00      1.05370351e-03      
5.12500000e+00      1.81110103e-03      
5.37500000e+00      1.81110103e-03      
5.62500000e+00      1.81110103e-03      
5.87500000e+00      1.81110103e-03      
6.12500000e+00      1.61089428e-03      
6.37500000e+00      1.61089428e-03      
6.62500000e+00      1.61089428e-03      
6.87500000e+00      1.61089428e-03      
7.12500000e+00      1.69097698e-03      
7.37500000e+00      1.69097698e-03      
7.62500000e+00      1.69097698e-03      
7.87500000e+00      1.69097698e-03      
8.12500000e+00      1.03044872e-03      
8.37500000e+00      1.03044872e-03      
8.62500000e+00      1.03044872e-03      
8.87500000e+00      1.03044872e-03      
9.12500000e+00      1.15642497e-03      
9.37500000e+00      1.15642497e-03      
9.62500000e+00      1.15642497e-03      
9.87500000e+00      1.15642497e-03      
1.01250000e+01      4.01645534e-04      
1.03750000e+01      4.01645534e-04      
1.06250000e+01      4.01645534e-04      
1.08750000e+01      4.01645534e-04      
1.11250000e+01      2.87835699e-04      
1.13750000e+01      2.87835699e-04      
1.16250000e+01      2.87835699e-04      
1.18750000e+01      2.87835699e-04      
1.21000000e+01      1.86663341e-04      
1.23000001e+01      1.80340077e-04      
1.25000001e+01      1.80340077e-04      
1.27000002e+01      1.80340077e-04      
1.31125002e+01      1.75166984e-04      
1.37375002e+01      2.04334201e-04      
1.43625002e+01      5.52878630e-04      
1.49875002e+01      6.06371897e-04      
1.55875002e+01      6.66842470e-04      
1.61625003e+01      8.54621770e-04      
1.67375003e+01      1.04212143e-03      
1.73125004e+01      4.01953544e-03      
1.79625003e+01      3.06800646e-03      
1.86875002e+01      2.01082984e-03      
1.94125001e+01      2.06674964e-03      
2.01375000e+01      1.34118337e-03      
2.08250000e+01      9.50902854e-04      
2.14750001e+01      7.74338092e-04      
2.21250002e+01      9.91094578e-04      
2.27750003e+01      9.53140511e-04      
2.35875003e+01      6.14910680e-04      
2.45625002e+01      1.41697034e-03      
2.55375001e+01      2.22671349e-03      
2.65125000e+01      7.56011474e-04      
2.71250000e+01      1.08830559e-03      
2.73750000e+01      1.32921879e-03      
2.76250000e+01      1.32921879e-03      
2.78750000e+01      1.38863399e-03      
2.82500000e+01      1.62629480e-03      
2.87500000e+01      1.62629480e-03      
2.92500000e+01      4.65249677e-04      
2.97500000e+01      4.65249677e-04      
3.02500000e+01      9.87173263e-03      
3.07500000e+01      9.87173263e-03      
3.12500000e+01      1.91736461e-03      
3.17500000e+01      1.91736461e-03      
3.22500000e+01      2.66274972e-03      
3.27500000e+01      2.66274972e-03      
3.32500000e+01      2.61500811e-03      
3.37500000e+01      2.61500811e-03      
3.42500000e+01      1.11807767e-03      
3.47500000e+01      1.11807767e-03      
3.52500000e+01      9.61916412e-04      
3.57500000e+01      9.61916412e-04      
3.61250000e+01      1.23530642e-03      
3.63750000e+01      1.30365393e-03      
3.66250000e+01      1.30365393e-03      
3.68750000e+01      9.40766366e-04      
3.73750000e+01      2.14991244e-04      
3.81250000e+01      1.33122086e-04      
3.88750000e+01      9.20027001e-05      
3.96250000e+01      9.16330876e-05      
4.03750000e+01      1.53681778e-04      
4.11250000e+01      2.52255367e-04      
4.18750000e+01      2.25889678e-04      
4.26250000e+01      7.45847132e-05      
4.33750000e+01      1.73871859e-04      
4.41250000e+01      1.03440152e-04      
4.48750000e+01      7.09296567e-05      
4.56250000e+01      7.63403723e-05      
4.62500000e+01      2.53795418e-04      
4.67500000e+01      2.75977299e-04      
4.72500000e+01      1.09590093e-04      
4.77500000e+01      1.09590093e-04      
4.82500000e+01      1.82496149e-04      
4.87500000e+01      1.82496149e-04      
4.92500000e+01      6.49747894e-04      
4.97500000e+01      6.49747894e-04      
5.02500000e+01      2.64734920e-04      
5.07500000e+01      2.64734920e-04      
5.12500000e+01      9.07244570e-05      
5.17500000e+01      9.07244570e-05      
5.22500000e+01      1.59857386e-04      
5.27500000e+01      1.59857386e-04      
5.32500000e+01      1.17813970e-04      
5.37500000e+01      1.17813970e-04      
5.42500000e+01      7.59399588e-05      
5.47500000e+01      7.59399588e-05      
5.52500000e+01      3.40043458e-04      
5.57500000e+01      3.40043458e-04      
5.62500000e+01      1.03676293e-04      
5.67500000e+01      1.03676293e-04      
5.72500000e+01      1.03291280e-04      
5.77500000e+01      1.03291280e-04      
5.82500000e+01      5.85065714e-04      
5.87500000e+01      5.85065714e-04      
5.92500000e+01      1.22095314e-04      
5.97500000e+01      1.22095314e-04      
6.02500000e+01      5.02210922e-04      
6.07500000e+01      5.02210922e-04      
6.12500000e+01      1.52711546e-04      
6.17500000e+01      1.52711546e-04      
6.21250000e+01      5.61059385e-04      
6.23750000e+01      6.63146345e-04      
6.26250000e+01      6.63146345e-04      
6.28750000e+01      4.15506001e-04      
6.36250000e+01      1.35474515e-04      
6.48750000e+01      3.50793020e-05      
6.61250000e+01      2.81860297e-05      
6.73750000e+01      2.73513216e-05      
6.83750000e+01      8.52572728e-05      
6.91250000e+01      7.85477800e-05      
6.98750000e+01      1.08214313e-04      
7.06250000e+01      1.83882196e-04      
7.13750000e+01      8.05601145e-05      
7.21250000e+01      6.73978043e-05      
7.28750000e+01      6.69563228e-05      
7.36250000e+01      7.92356699e-05      
7.43750000e+01      9.76392900e-05      
7.51250000e+01      1.31653903e-04      
7.58750000e+01      2.24005681e-04      
7.66250000e+01      3.74694626e-04      
7.71250000e+01      3.55084631e-04      
7.73750000e+01      3.45279634e-04      
7.76250000e+01      3.45279634e-04      
7.78750000e+01      3.45279634e-04      
7.81250000e+01      4.81112211e-04      
7.83750000e+01      4.81112211e-04      
7.86250000e+01      4.81112211e-04      
7.88750000e+01      4.81112211e-04      
7.91250000e+01      2.24847576e-04      
7.93750000e+01      2.24847576e-04      
7.96250000e+01      2.24847576e-04      
7.98750000e+01      2.27517000e-04      
8.03750000e+01      2.32855846e-04      
8.11250000e+01      2.54005892e-04      
8.18750000e+01      3.06727002e-04      
8.26250000e+01      3.91019176e-04      
8.30749998e+01      5.27082544e-04      
8.32249994e+01      6.63146345e-04      
8.33749990e+01      6.63146345e-04      
8.35249987e+01      6.63146345e-04      
8.38999987e+01      5.90298387e-04      
8.44999990e+01      4.85578362e-04      
8.50999994e+01      5.22334209e-04      
8.56999998e+01      5.40712220e-04      
8.60625000e+01      5.57376364e-04      
8.61875000e+01      5.73207315e-04      
8.63125000e+01      5.73207315e-04      
8.64375000e+01      5.73207315e-04      
8.65625000e+01      5.73207315e-04      
8.66875000e+01      5.73207315e-04      
8.68125000e+01      5.73207315e-04      
8.69375000e+01      5.73207315e-04      
8.70625000e+01      6.82242989e-04      
8.71875000e+01      6.82242989e-04      
8.73125000e+01      6.82242989e-04      
8.74375000e+01      6.82242989e-04      
8.75625000e+01      6.82242989e-04      
8.76875000e+01      6.82242989e-04      
8.78125000e+01      6.82242989e-04      
8.79375000e+01      6.82242989e-04      
8.80625000e+01      7.79728273e-04      
8.81875000e+01      7.79728273e-04      
8.83125000e+01      7.79728273e-04      
8.84375000e+01      7.79728273e-04      
8.85625000e+01      7.79728273e-04      
8.86875000e+01      7.79728273e-04      
8.88125000e+01      7.79728273e-04      
8.89375000e+01      7.79728273e-04      
8.90625000e+01      9.48363956e-04      
8.91875000e+01      9.48363956e-04      
8.93125000e+01      9.48363956e-04      
8.94375000e+01      9.48363956e-04      
8.95625000e+01      9.48363956e-04      
8.96875000e+01      9.48363956e-04      
8.98125000e+01      9.48363956e-04      
8.99375000e+01      9.48363956e-04      
9.00625000e+01      1.11684563e-03      
9.01875000e+01      1.11684563e-03      
9.03125000e+01      1.11684563e-03      
9.04375000e+01      1.11684563e-03      
9.05749998e+01      1.11684563e-03      
9.07249994e+01      1.11684563e-03      
9.08749990e+01      1.11684563e-03      
9.10249987e+01      9.49360313e-04      
9.11499987e+01      8.53650764e-04      
9.12499990e+01      8.53650764e-04      
9.13499994e+01      8.53650764e-04      
9.14499998e+01      8.53650764e-04      
9.15625000e+01      8.53650764e-04      
9.16875000e+01      8.53650764e-04      
9.18125000e+01      8.53650764e-04      
9.19375000e+01      8.53650764e-04      
9.20375004e+01      3.83185203e-04      
9.21125011e+01      3.04776270e-04      
9.21875019e+01      3.04776270e-04      
9.22625027e+01      3.04776270e-04      
9.23500023e+01      3.04776270e-04      
9.24500008e+01      3.04776270e-04      
9.25499992e+01      3.04776270e-04      
9.26499977e+01      3.04776270e-04      
9.27374973e+01      3.04776270e-04      
9.28124981e+01      3.04776270e-04      
9.28874989e+01      3.04776270e-04      
9.29624996e+01      3.04776270e-04      
9.30375004e+01      2.66736988e-04      
9.31125011e+01      2.66736988e-04      
9.31875019e+01      2.66736988e-04      
9.32625027e+01      2.66736988e-04      
9.33625031e+01      2.66736988e-04      
9.34875031e+01      2.66736988e-04      
9.36125031e+01      2.66736988e-04      
9.37375031e+01      2.66736988e-04      
9.38500023e+01      2.66736988e-04      
9.39500008e+01      2.66736988e-04      
9.40499992e+01      1.90196409e-04      
9.41499977e+01      1.90196409e-04      
9.42749977e+01      1.90196409e-04      
9.44249992e+01      1.90196409e-04      
9.45750008e+01      1.90196409e-04      
9.47250023e+01      1.90196409e-04      
9.48375025e+01      1.90196409e-04      
9.49125013e+01      1.90196409e-04      
9.49875002e+01      1.63281435e-04      
9.50624990e+01      1.09451488e-04      
9.51374989e+01      1.09451488e-04      
9.52124996e+01      1.09451488e-04      
9.52875004e+01      1.09451488e-04      
9.53625011e+01      1.09451488e-04      
9.54250011e+01      1.09451488e-04      
9.54750004e+01      1.09451488e-04      
9.55249996e+01      1.09451488e-04      
9.55749989e+01      1.09451488e-04      
9.56124983e+01      1.09451488e-04      
9.56374979e+01      1.09451488e-04      
9.56624975e+01      1.09451488e-04      
9.56874971e+01      1.09451488e-04      
9.57499971e+01      1.09451488e-04      
9.58499975e+01      1.09451488e-04      
9.59499979e+01      1.09451488e-04      
9.60499983e+01      1.13809757e-04      
9.61624985e+01      1.13809835e-04      
9.62874985e+01      1.13809835e-04      
9.64124985e+01      1.13809835e-04      
9.65374985e+01      1.13809835e-04      
9.66124983e+01      1.13809835e-04      
9.66374979e+01      1.13809835e-04      
9.66624975e+01      1.13809835e-04      
9.66874971e+01      1.13809835e-04      
9.67499971e+01      1.13809835e-04      
9.68499975e+01      1.13809835e-04      
9.69499979e+01      1.13809835e-04      
9.70499983e+01      2.04361205e-03      
9.71499987e+01      2.04364886e-03      
9.72499990e+01      2.04364886e-03      
9.73499994e+01      2.04364886e-03      
9.74499998e+01      2.04364886e-03      
9.75625000e+01      2.04364886e-03      
9.76875000e+01      2.04364886e-03      
9.78125000e+01      2.04364886e-03      
9.79375000e+01      2.04364886e-03      
9.80625000e+01      2.31777810e-04      
9.81875000e+01      2.31777810e-04      
9.83125000e+01      2.31777810e-04      
9.84375000e+01      2.31777810e-04      
9.85124998e+01      2.31777810e-04      
9.85374994e+01      2.31777810e-04      
9.85624990e+01      2.31777810e-04      
9.85874987e+01      2.31777810e-04      
9.86249990e+01      2.31777810e-04      
9.86750002e+01      2.31777810e-04      
9.87250013e+01      2.31777810e-04      
9.87750025e+01      2.31777810e-04      
9.88375025e+01      2.31777810e-04      
9.89125013e+01      2.31777810e-04      
9.89875002e+01      2.73718556e-04      
9.90624990e+01      3.57600050e-04      
9.91249990e+01      3.57600050e-04      
9.91750002e+01      3.57600050e-04      
9.92250013e+01      3.57600050e-04      
9.92750025e+01      3.57600050e-04      
9.93875029e+01      3.57600050e-04      
9.95625025e+01      3.57600050e-04      
9.97375021e+01      3.57600050e-04      
9.99125017e+01      2.77229274e-04      
1.00300001e+02      1.44857281e-04      
1.00900002e+02      1.52372791e-04      
1.01500002e+02      1.67403641e-04      
1.02100002e+02      9.77826558e-04      
1.02475001e+02      1.54159194e-03      
1.02625001e+02      1.54159194e-03      
1.02775001e+02      1.54159194e-03      
1.02925000e+02      1.54159194e-03      
1.03062500e+02      1.58852689e-03      
1.03187500e+02      1.59087361e-03      
1.03312500e+02      1.59087361e-03      
1.03437500e+02      1.59087361e-03      
1.03625000e+02      1.59087361e-03      
1.03875000e+02      1.59087361e-03      
1.04125000e+02      2.31007784e-04      
1.04375000e+02      2.31007784e-04      
1.04650000e+02      2.31007784e-04      
1.04949999e+02      2.19200870e-04      
1.05249998e+02      1.95586590e-04      
1.05549997e+02      1.95586590e-04      
1.05862497e+02      1.94849850e-04      
1.06187498e+02      1.86192274e-04      
1.06512499e+02      1.86192274e-04      
1.06837500e+02      1.86192274e-04      
1.07125000e+02      1.96793554e-04      
1.07375000e+02      1.97588658e-04      
1.07625000e+02      1.97588658e-04      
1.07875000e+02      1.97588658e-04      
1.08125000e+02      3.31419167e-04      
1.08375000e+02      3.31419167e-04      
1.08625000e+02      3.31419167e-04      
1.08875000e+02      3.31419167e-04      
1.09125000e+02      2.22999514e-04      
1.09375000e+02      2.22999514e-04      
1.09625000e+02      2.22999514e-04      
1.09875000e+02      2.22999514e-04      
1.10125000e+02      2.37784012e-04      
1.10375000e+02      2.37784012e-04      
1.10625000e+02      2.37784012e-04      
1.10875000e+02      2.37784012e-04      
1.11013889e+02      2.30443057e-04      
1.11041667e+02      2.15761270e-04      
1.11069445e+02      2.15761270e-04      
1.11097223e+02      2.15761270e-04      
1.11222223e+02      2.15761270e-04      
1.11444445e+02      2.15761270e-04      
1.11666667e+02      2.15761270e-04      
1.11888889e+02      2.16442632e-04      
1.12125000e+02      2.38246028e-04      
1.12375000e+02      2.38246028e-04      
1.12625000e+02      2.38246028e-04      
1.12875000e+02      2.38246028e-04      
1.13125000e+02      1.83574186e-04      
1.13375000e+02      1.83574186e-04      
1.13625000e+02      1.83574186e-04      
1.13875000e+02      1.83574186e-04      
1.14125000e+02      1.24205185e-04      
1.14375000e+02      1.24205185e-04      
1.14625000e+02      1.24205185e-04      
1.14875000e+02      1.24205185e-04      
1.15087500e+02      1.96329191e-04      
1.15262499e+02      2.04056876e-04      
1.15437498e+02      2.04056876e-04      
1.15612497e+02      2.04056876e-04      
1.15774998e+02      2.04056876e-04      
1.15924999e+02      2.04056876e-04      
1.16075001e+02      2.30699774e-04      
1.16225002e+02      2.30699774e-04      
1.16387503e+02      2.30699774e-04      
1.16562502e+02      2.30699774e-04      
1.16737501e+02      2.30699774e-04      
1.16912500e+02      2.30699774e-04      
1.17075000e+02      9.64011256e-04      
1.17224999e+02      9.94565512e-04      
1.17374999e+02      9.94565512e-04      
1.17524999e+02      9.94565512e-04      
1.17687499e+02      9.94565512e-04      
1.17862500e+02      9.94565512e-04      
1.18037501e+02      4.69623247e-04      
1.18212502e+02      2.59652749e-04      
1.18387503e+02      2.59652749e-04      
1.18562502e+02      2.59652749e-04      
1.18737501e+02      2.59652749e-04      
1.18912500e+02      2.80715616e-04      
1.19100000e+02      8.70437330e-04      
1.19300001e+02      8.70437330e-04      
1.19500002e+02      8.70437330e-04      
1.19700003e+02      8.48201122e-04      
1.19887503e+02      9.47484009e-04      
1.20062502e+02      9.47108619e-04      
1.20237501e+02      8.55060524e-04      
1.20412500e+02      2.51429413e-03      
1.20587500e+02      6.33335049e-03      
1.20762499e+02      4.66616604e-03      
1.20937498e+02      1.70084358e-03      
1.21112497e+02      3.46129989e-03      
1.21299997e+02      8.69641651e-02      
1.21499998e+02      3.58868722e-01      
1.21699999e+02      2.37092820e-01      
1.21900000e+02      2.44658606e-02      
1.22087500e+02      2.34011003e-03      
1.22262499e+02      1.09665260e-03      
1.22437498e+02      7.88420398e-04      
1.22612497e+02      6.64331625e-04      
1.22799997e+02      6.18778660e-04      
1.22999998e+02      5.39885294e-04      
1.23199999e+02      4.78802319e-04      
1.23400000e+02      4.61409522e-04      
1.23587500e+02      5.28343434e-04      
1.23762499e+02      9.49065081e-04      
1.23937498e+02      1.01296078e-03      
1.24112497e+02      7.58747761e-04      
1.24299997e+02      7.20786406e-04      
1.24499998e+02      4.37184439e-04      
1.24699999e+02      3.58177603e-04      
1.24900000e+02      3.57349781e-04      
1.25100000e+02      3.69901289e-04      
1.25300001e+02      4.40339832e-04      
1.25500002e+02      4.74547617e-04      
1.25700003e+02      5.21848639e-04      
1.25900002e+02      8.08934843e-04      
1.26100001e+02      7.71467609e-04      
1.26300000e+02      7.64231498e-04      
1.26499999e+02      1.23427540e-03      
1.26699999e+02      6.31424523e-04      
1.26900000e+02      2.87316137e-04      
1.27100000e+02      2.69355070e-04      
1.27300001e+02      3.05989548e-04      
1.27500001e+02      4.38664975e-04      
1.27700000e+02      4.86098174e-04      
1.27899999e+02      4.51947884e-04      
1.28099998e+02      3.49843627e-04      
1.28299997e+02      2.41711798e-04      
1.28499998e+02      2.30872765e-04      
1.28699999e+02      3.34690875e-04      
1.28900000e+02      4.13840063e-04      
1.29112499e+02      2.99892566e-04      
1.29337498e+02      3.00411570e-04      
1.29562496e+02      4.11774820e-04      
1.29787495e+02      4.73803415e-04      
1.29999994e+02      1.28889599e-03      
1.30199995e+02      3.02809431e-03      
1.30399996e+02      4.40432226e-03      
1.30599997e+02      4.26999343e-03      
1.30812498e+02      1.45023623e-03      
1.31037500e+02      7.38351678e-04      
1.31262503e+02      4.53748466e-04      
1.31487505e+02      3.95711345e-04      
1.31700005e+02      4.82573830e-04      
1.31900002e+02      4.43110649e-04      
1.32099998e+02      3.15268047e-04      
1.32299995e+02      3.35921780e-04      
1.32512495e+02      3.40109845e-04      
1.32737497e+02      4.14186425e-04      
1.32962500e+02      4.97145756e-04      
1.33187502e+02      1.45260373e-03      
1.33412502e+02      8.12621942e-03      
1.33637501e+02      6.36278681e-03      
1.33862499e+02      7.39364646e-04      
1.34087498e+02      3.23889923e-04      
1.34312498e+02      3.31145390e-04      
1.34537500e+02      3.35799794e-04      
1.34762503e+02      3.60920918e-04      
1.34987505e+02      5.40751553e-04      
1.35212505e+02      6.57310752e-04      
1.35437504e+02      8.10894070e-04      
1.35662502e+02      9.00996840e-04      
1.35887501e+02      6.99898912e-04      
1.36125000e+02      5.30046240e-04      
1.36375000e+02      4.92323789e-04      
1.36625000e+02      4.53730089e-04      
1.36875000e+02      5.16928202e-04      
1.37112499e+02      5.86326903e-04      
1.37337498e+02      5.24953341e-04      
1.37562496e+02      4.62084357e-04      
1.37787495e+02      4.88790191e-04      
1.38024994e+02      5.46516516e-04      
1.38274994e+02      5.16688598e-04      
1.38524994e+02      5.11804442e-04      
1.38774994e+02      5.50942320e-04      
1.39137495e+02      1.84504702e-03      
1.39612497e+02      1.62025746e-03      
1.40087500e+02      1.60640981e-03      
1.40562502e+02      1.16070557e-03      
1.41050003e+02      7.77701133e-04      
1.41550003e+02      7.72836424e-04      
1.42050003e+02      7.75424393e-04      
1.42550003e+02      9.49864468e-04      
1.42807146e+02      8.07666635e-04      
1.42821433e+02      7.80651138e-04      
1.42835719e+02      7.77880211e-04      
1.42850006e+02      8.00083712e-04      
1.43112505e+02      9.95490233e-04      
1.43623216e+02      9.38873063e-04      
1.44133927e+02      8.94446810e-04      
1.44644638e+02      9.42197605e-04      
1.45162495e+02      9.45493941e-04      
1.45687496e+02      1.02109819e-03      
1.46212498e+02      1.11108086e-03      
1.46737499e+02      1.31829664e-03      
1.47275000e+02      1.74324835e-03      
1.47824999e+02      1.30031430e-03      
1.48374998e+02      1.58585481e-03      
1.48924997e+02      1.37233208e-03      
1.49487497e+02      1.37171250e-03      
1.50062498e+02      1.48444206e-03      
1.50637499e+02      1.50965918e-03      
1.51212500e+02      1.64136046e-03      
1.51787500e+02      1.59395378e-03      
1.52362501e+02      2.00756051e-03      
1.52937502e+02      2.26829628e-03      
1.53512503e+02      2.49137043e-03      
1.54100002e+02      2.12890305e-03      
1.54700001e+02      5.32326185e-03      
1.55299999e+02      3.50445557e-03      
1.55899998e+02      3.77077232e-03      
1.56512497e+02      2.86017675e-03      
1.57137497e+02      3.16640528e-03      
1.57762497e+02      2.86985959e-03      
1.58387497e+02      2.80350322e-03      
1.59024998e+02      2.99033223e-03      
1.59674999e+02      2.86289766e-03      
1.60325001e+02      3.17463917e-03      
1.60975002e+02      3.71413434e-03      
1.61625002e+02      3.71863145e-03      
1.62275000e+02      4.31605470e-03      
1.62924997e+02      4.47029523e-03      
1.63574995e+02      4.95207249e-03      
1.64245829e+02      5.74004567e-03      
1.64937498e+02      4.66667272e-03      
1.65629167e+02      9.86999582e-03      
1.66320837e+02      6.09174637e-03      
1.66670837e+02      5.72870565e-03      
1.66679169e+02      5.68433154e-03      
1.66687500e+02      5.68433154e-03      
1.66695831e+02      5.88688724e-03      
1.67049997e+02      7.15514088e-03      
1.67749998e+02      6.43433631e-03      
1.68449999e+02      7.39026642e-03      
1.69150000e+02      9.00401411e-03      
1.69862499e+02      1.08114560e-02      
1.70587498e+02      1.13203886e-02      
1.71312496e+02      1.12822597e-02      
1.72037495e+02      1.22733699e-02      
1.72587494e+02      1.26158448e-02      
1.72962494e+02      1.16434284e-02      
1.73337494e+02      1.20612587e-02      
1.73712494e+02      1.28444302e-02      
1.74087494e+02      1.42629039e-02      
1.74462494e+02      1.54195151e-02      
1.74837494e+02      1.50484489e-02      
1.75212494e+02      1.72313776e-02      
1.75599995e+02      1.87602640e-02      
1.75999996e+02      1.95971545e-02      
1.76399998e+02      1.86471472e-02      
1.76799999e+02      2.09658737e-02      
1.77200001e+02      2.47544079e-02      
1.77600002e+02      2.21950344e-02      
1.78000004e+02      2.53232839e-02      
1.78400005e+02      2.57333151e-02      
1.78800005e+02      2.70991601e-02      
1.79200003e+02      2.65812700e-02      
1.79600000e+02      2.51134347e-02      
1.79999998e+02      2.79288317e-02      
1.80399998e+02      2.98394559e-02      
1.80799999e+02      3.62489552e-02      
1.81200001e+02      3.03178439e-02      
1.81600002e+02      4.60538207e-02      
1.82012503e+02      3.88561032e-02      
1.82437502e+02      3.83028969e-02      
1.82862501e+02      3.56159671e-02      
1.83287500e+02      3.86489642e-02      
1.83712500e+02      3.97414922e-02      
1.84137499e+02      3.54809905e-02      
1.84562498e+02      3.35332950e-02      
1.84987497e+02      3.21707710e-02      
1.85412497e+02      3.95212540e-02      
1.85837496e+02      4.10333669e-02      
1.86262495e+02      4.20370536e-02      
1.86687494e+02      4.62759806e-02      
1.87124994e+02      5.25201067e-02      
1.87574995e+02      5.09851503e-02      
1.88024996e+02      4.91276416e-02      
1.88474997e+02      5.55265318e-02      
1.88924997e+02      5.89753885e-02      
1.89374998e+02      6.34048005e-02      
1.89824999e+02      5.74122949e-02      
1.90275000e+02      6.11631532e-02      
1.90725000e+02      6.56960502e-02      
1.91175001e+02      6.61135769e-02      
1.91625002e+02      7.11384244e-02      
1.92075003e+02      7.47942234e-02      
1.92537502e+02      7.24473162e-02      
1.93012501e+02      6.12340482e-02      
1.93487499e+02      5.09562612e-02      
1.93962498e+02      7.48528568e-02      
1.94437498e+02      9.31034306e-02      
1.94912500e+02      9.41149720e-02      
1.95387503e+02      8.93019723e-02      
1.95862505e+02      9.32566127e-02      
1.96337505e+02      9.54096297e-02      
1.96812504e+02      1.11206331e-01      
1.97287502e+02      1.03938886e-01      
1.97762501e+02      1.00763193e-01      
1.98250000e+02      1.06641189e-01      
1.98750000e+02      9.83507940e-02      
1.99250000e+02      1.10206113e-01      
1.99750000e+02      1.11613722e-01      
2.00000000e+02      1.14050085e-01      
2.00000001e+02      1.14302651e-01      
2.00000002e+02      1.14302651e-01      
2.00000003e+02      1.14727759e-01      
2.00250003e+02      1.19530641e-01      
2.00750002e+02      1.23900279e-01      
2.01250001e+02      1.29777102e-01      
2.01750000e+02      1.35559748e-01      
2.02262501e+02      1.35185929e-01      
2.02787502e+02      1.35938265e-01      
2.03312504e+02      1.48676627e-01      
2.03837505e+02      1.53538877e-01      
2.04362505e+02      1.68273516e-01      
2.04887503e+02      1.72716081e-01      
2.05412500e+02      1.74435080e-01      
2.05937498e+02      1.73625455e-01      
2.06462498e+02      1.78763305e-01      
2.06987499e+02      1.92722077e-01      
2.07512501e+02      2.09824757e-01      
2.08037502e+02      2.18623259e-01      
2.08575003e+02      2.46320409e-01      
2.09125002e+02      3.01706115e-01      
2.09675001e+02      3.67578304e-01      
2.10225000e+02      4.22617350e-01      
2.10787500e+02      4.73591970e-01      
2.11362501e+02      5.22955087e-01      
2.11937502e+02      6.14989294e-01      
2.12512503e+02      4.68265606e-01      
2.13087503e+02      4.99077757e-01      
2.13662504e+02      5.27721640e-01      
2.14237505e+02      6.66284444e-01      
2.14812506e+02      6.34012528e-01      
2.15387505e+02      6.13546559e-01      
2.15962502e+02      5.30792213e-01      
2.16537498e+02      5.18978983e-01      
2.17112495e+02      5.24882976e-01      
2.17724995e+02      5.75818159e-01      
2.18374996e+02      7.62441950e-01      
2.19024998e+02      7.00016083e-01      
2.19674999e+02      7.93671300e-01      
2.20275000e+02      8.15942224e-01      
2.20824999e+02      6.88219008e-01      
2.21374998e+02      6.13567625e-01      
2.21924997e+02      6.74860536e-01      
2.22512497e+02      7.93064035e-01      
2.23137497e+02      9.37460620e-01      
2.23762497e+02      1.06361152e+00      
2.24387497e+02      9.29506700e-01      
2.25024998e+02      9.22727610e-01      
2.25674999e+02      8.07942192e-01      
2.26325001e+02      6.63879410e-01      
2.26975002e+02      5.37930701e-01      
2.27625002e+02      6.40541095e-01      
2.28275000e+02      8.44143887e-01      
2.28924997e+02      7.83313441e-01      
2.29574995e+02      7.61645063e-01      
2.30237495e+02      7.66902440e-01      
2.30912498e+02      8.67634236e-01      
2.31587502e+02      8.05441123e-01      
2.32262505e+02      8.65871775e-01      
2.32937506e+02      7.71280606e-01      
2.33612505e+02      6.92187165e-01      
2.34287504e+02      6.02628443e-01      
2.34962503e+02      6.79976422e-01      
2.35587884e+02      8.74055539e-01      
2.36163647e+02      7.62924308e-01      
2.36739410e+02      7.47608201e-01      
2.37315172e+02      8.28969187e-01      
2.37665173e+02      7.79129922e-01      
2.37789411e+02      8.51996899e-01      
2.37913649e+02      7.38353096e-01      
2.38037887e+02      6.14446792e-01      
2.38462505e+02      6.47075957e-01      
2.39187504e+02      7.34534905e-01      
2.39912502e+02      6.46824789e-01      
2.40637501e+02      6.22707072e-01      
2.41362499e+02      7.16504996e-01      
2.42087498e+02      1.06283729e+00      
2.42812496e+02      1.12659232e+00      
2.43537495e+02      1.03906457e+00      
2.44274994e+02      1.03000151e+00      
2.45024994e+02      8.47774502e-01      
2.45774994e+02      7.87161744e-01      
2.46524994e+02      7.77786658e-01      
2.47287495e+02      8.80600167e-01      
2.48062496e+02      7.98798440e-01      
2.48837498e+02      6.80530860e-01      
2.49612499e+02      9.44346539e-01      
2.50400000e+02      9.52917282e-01      
2.51199999e+02      8.19834377e-01      
2.51999998e+02      6.53852280e-01      
2.52799997e+02      6.72041402e-01      
2.53599997e+02      8.33984042e-01      
2.54399996e+02      9.21842916e-01      
2.55199995e+02      1.13314668e+00      
2.55999994e+02      1.37633269e+00      
2.56812496e+02      1.78677816e+00      
2.57637501e+02      1.94867796e+00      
2.58462505e+02      1.98829527e+00      
2.59287510e+02      1.87335623e+00      
2.60137512e+02      1.41143575e+00      
2.61012512e+02      1.27714468e+00      
2.61887512e+02      1.58540102e+00      
2.62762512e+02      1.63588676e+00      
2.63637512e+02      2.83820940e+00      
2.64512512e+02      3.98364582e+00      
2.65387512e+02      3.97904959e+00      
2.66262512e+02      4.04105135e+00      
2.67150009e+02      3.95784016e+00      
2.68050003e+02      3.98606551e+00      
2.68949997e+02      3.82838975e+00      
2.69849991e+02      3.98050257e+00      
2.70762489e+02      4.24387615e+00      
2.71687492e+02      3.38274585e+00      
2.72612495e+02      3.24020860e+00      
2.73537498e+02      3.29005627e+00      
2.74125601e+02      2.35912718e+00      
2.74376802e+02      2.00162878e+00      
2.74628003e+02      2.14977132e+00      
2.74879204e+02      2.05635115e+00      
2.75354202e+02      2.70793142e+00      
2.76052998e+02      3.55368802e+00      
2.76751794e+02      4.02498491e+00      
2.77450590e+02      3.89247541e+00      
2.78287491e+02      2.75614905e+00      
2.79262497e+02      1.65273905e+00      
2.80237503e+02      1.30387279e+00      
2.81212509e+02      2.74976413e+00      
2.82113240e+02      4.30896471e+00      
2.82939697e+02      5.00033537e+00      
2.83766153e+02      4.94500093e+00      
2.84592609e+02      3.95989047e+00      
2.85092609e+02      2.38974345e+00      
2.85266153e+02      1.76508731e+00      
2.85439697e+02      1.95389122e+00      
2.85613240e+02      2.91239101e+00      
2.86225010e+02      4.94032962e+00      
2.87275005e+02      5.61034711e+00      
2.88325001e+02      4.90360694e+00      
2.89374996e+02      7.09209256e+00      
2.90424995e+02      9.53971720e+00      
2.91474998e+02      9.22379426e+00      
2.92525002e+02      8.18146987e+00      
2.93575005e+02      8.55086152e+00      
2.94650005e+02      8.07086792e+00      
2.95750004e+02      8.94193216e+00      
2.96850002e+02      7.45057004e+00      
2.97950001e+02      8.18987688e+00      
2.99062500e+02      7.55756105e+00      
3.00187500e+02      6.94377092e+00      
3.01312500e+02      7.36575882e+00      
3.02437500e+02      7.51791562e+00      
3.03513304e+02      9.92727505e+00      
3.04539913e+02      9.54854292e+00      
3.05566522e+02      9.39441569e+00      
3.06593131e+02      8.95582358e+00      
3.07180632e+02      9.85971735e+00      
3.07329027e+02      9.96671116e+00      
3.07477421e+02      1.01076488e+01      
3.07625815e+02      9.89610239e+00      
3.08300011e+02      9.99755466e+00      
3.09500008e+02      8.08679331e+00      
3.10700005e+02      1.06915134e+01      
3.11900002e+02      1.10110673e+01      
3.13125000e+02      1.08590362e+01      
3.14375000e+02      1.08029287e+01      
3.15625000e+02      9.84150326e+00      
3.16875000e+02      1.14076578e+01      
3.18125000e+02      1.09606972e+01      
3.19375000e+02      1.12409805e+01      
3.20625000e+02      1.25156882e+01      
3.21875000e+02      1.11816219e+01      
3.23125000e+02      1.02817949e+01      
3.24375000e+02      1.20194040e+01      
3.25625000e+02      1.43497249e+01      
3.26875000e+02      1.54638054e+01      
3.27713409e+02      1.51320034e+01      
3.28140227e+02      1.45812765e+01      
3.28567045e+02      1.45429538e+01      
3.28993862e+02      1.55774384e+01      
3.29618862e+02      1.73430412e+01      
3.30442045e+02      1.62265622e+01      
3.31265227e+02      1.53799881e+01      
3.32088409e+02      1.53292185e+01      
3.33125000e+02      1.48997542e+01      
3.34375000e+02      1.51927401e+01      
3.35625000e+02      1.46006579e+01      
3.36875000e+02      1.28825169e+01      
3.37962972e+02      1.42644072e+01      
3.38888917e+02      1.51371063e+01      
3.39814862e+02      1.59596760e+01      
3.40740807e+02      1.56895699e+01      
3.41365807e+02      1.46663556e+01      
3.41689862e+02      1.44132631e+01      
3.42013917e+02      1.59902840e+01      
3.42337972e+02      1.56094489e+01      
3.42812500e+02      1.62179891e+01      
3.43437500e+02      1.58677276e+01      
3.44062500e+02      1.27440575e+01      
3.44687500e+02      1.39739897e+01      
3.46250000e+02      1.49160126e+01      
3.48750000e+02      1.43012243e+01      
3.51250000e+02      1.60455099e+01      
3.53750000e+02      1.65957895e+01      
3.56250000e+02      1.52277390e+01      
3.58750000e+02      1.36192629e+01      
3.61250000e+02      1.50222298e+01      
3.63750000e+02      1.63699785e+01      
3.66250000e+02      1.91933803e+01      
3.68750000e+02      1.87028830e+01      
3.71250000e+02      1.82495401e+01      
3.73750000e+02      1.52912285e+01      
3.76250000e+02      1.75013388e+01      
3.78750000e+02      1.95350747e+01      
3.81250000e+02      1.72839901e+01      
3.83750000e+02      1.23579940e+01      
3.85625050e+02      1.58964661e+01      
3.86875151e+02      1.60995096e+01      
3.88125252e+02      1.58863603e+01      
3.89375353e+02      1.78228124e+01      
3.90625353e+02      1.95517659e+01      
3.91875252e+02      1.93636656e+01      
3.93125151e+02      1.13751591e+01      
3.94375050e+02      1.59794569e+01      
3.96250000e+02      1.51562601e+01      
3.98750000e+02      2.29088309e+01      
4.01250000e+02      2.69265229e+01      
4.03750000e+02      2.66379265e+01      
4.06250000e+02      2.57040914e+01      
4.08750000e+02      2.63784869e+01      
4.11250000e+02      2.64992266e+01      
4.13750000e+02      2.73837225e+01      
4.16250000e+02      2.75402056e+01      
4.18750000e+02      2.68872380e+01      
4.21250000e+02      2.76035311e+01      
4.23750000e+02      2.66352187e+01      
4.26250000e+02      2.64929789e+01      
4.28750000e+02      2.49706874e+01      
4.31250000e+02      2.27566925e+01      
4.33750000e+02      2.54575180e+01      
4.36250000e+02      2.79781188e+01      
4.38750000e+02      2.72361302e+01      
4.41250000e+02      2.93505234e+01      
4.43750000e+02      3.04253868e+01      
4.45625561e+02      2.92414131e+01      
4.46876683e+02      3.04823755e+01      
4.48127805e+02      3.14704064e+01      
4.49378927e+02      3.15003305e+01      
4.50628927e+02      3.33322747e+01      
4.51877805e+02      3.28308215e+01      
4.53126683e+02      2.97478625e+01      
4.54375561e+02      3.21298301e+01      
4.56250000e+02      3.25048569e+01      
4.58750000e+02      3.21584931e+01      
4.61250000e+02      3.24152824e+01      
4.63750000e+02      3.23069769e+01      
4.66250000e+02      3.13460715e+01      
4.68750000e+02      3.16619272e+01      
4.71250000e+02      3.11806740e+01      
4.73750000e+02      3.21917890e+01      
4.76250000e+02      3.20615444e+01      
4.78750000e+02      3.25827019e+01      
4.81250000e+02      3.25981112e+01      
4.83750000e+02      3.18315864e+01      
4.86250000e+02      2.76534941e+01      
4.88750000e+02      3.04815121e+01      
4.91250000e+02      3.06387253e+01      
4.93750000e+02      3.09064708e+01      
4.96250000e+02      3.12212074e+01      
4.98750000e+02      3.04634677e+01      
5.01250000e+02      2.88298730e+01      
5.03750000e+02      2.99581987e+01      
5.06250000e+02      3.05626364e+01      
5.08750000e+02      2.90354631e+01      
5.11250000e+02      3.01377524e+01      
5.13750000e+02      2.85270158e+01      
5.16250000e+02      2.71173349e+01      
5.18750000e+02      2.71734442e+01      
5.21250000e+02      2.90543270e+01      
5.23750000e+02      2.87000478e+01      
5.26250000e+02      2.79407446e+01      
5.28750000e+02      2.93218946e+01      
5.31250000e+02      2.98239091e+01      
5.33750000e+02      2.83401864e+01      
5.35626888e+02      2.98010980e+01      
5.36880663e+02      2.88785770e+01      
5.38134438e+02      2.94416520e+01      
5.39388214e+02      2.88923618e+01      
5.40638214e+02      2.76602706e+01      
5.41884438e+02      2.89610181e+01      
5.43130663e+02      2.84817170e+01      
5.44376888e+02      2.93518644e+01      
5.45563869e+02      2.94705384e+01      
5.46691608e+02      2.95534024e+01      
5.47819347e+02      2.88505190e+01      
5.48947086e+02      2.91779182e+01      
5.50197086e+02      2.93926176e+01      
5.51569347e+02      2.91461686e+01      
5.52941608e+02      2.88031916e+01      
5.54313869e+02      2.95325550e+01      
5.56250000e+02      2.88703029e+01      
5.58750000e+02      2.79412477e+01      
5.61250000e+02      2.81843634e+01      
5.63750000e+02      2.87818780e+01      
5.65200540e+02      2.84369361e+01      
5.65601619e+02      2.79428859e+01      
5.66002698e+02      2.66745008e+01      
5.66403777e+02      2.78854854e+01      
5.67653777e+02      2.84227716e+01      
5.69752698e+02      2.79604349e+01      
5.71851619e+02      2.80274285e+01      
5.73950540e+02      2.88589798e+01      
5.76250000e+02      2.82129180e+01      
5.78750000e+02      2.79833484e+01      
5.81250000e+02      2.83261009e+01      
5.83750000e+02      2.84834169e+01      
5.86250000e+02      2.77512992e+01      
5.88750000e+02      2.64137930e+01      
5.91250000e+02      2.76946179e+01      
5.93750000e+02      2.75695269e+01      
5.96250000e+02      2.74326674e+01      
5.98750000e+02      2.71722043e+01      
6.01250000e+02      2.66998499e+01      
6.03750000e+02      2.70569554e+01      
6.05004234e+02      2.72578006e+01      
6.05012703e+02      2.73062440e+01      
6.05021172e+02      2.73117423e+01      
6.05029640e+02      2.71589070e+01      
6.06279640e+02      2.71195888e+01      
6.08771172e+02      2.68914228e+01      
6.11262703e+02      2.66168753e+01      
6.13754234e+02      2.61120848e+01      
6.16250000e+02      2.56641293e+01      
6.18750000e+02      2.62282259e+01      
6.21250000e+02      2.62172076e+01      
6.23750000e+02      2.55132320e+01      
6.26250000e+02      2.56899381e+01      
6.28750000e+02      2.60270343e+01      
6.31250000e+02      2.53704419e+01      
6.33750000e+02      2.54683527e+01      
6.36250000e+02      2.53582334e+01      
6.38750000e+02      2.53872395e+01      
6.41250000e+02      2.47945932e+01      
6.43750000e+02      2.50873804e+01      
6.46250000e+02      2.47188130e+01      
6.48750000e+02      2.45139470e+01      
6.51250000e+02      2.47236219e+01      
6.53750000e+02      2.43760505e+01      
6.56250000e+02      2.16245818e+01      
6.58750000e+02      2.36943729e+01      
6.61250000e+02      2.41181867e+01      
6.63750000e+02      2.36662755e+01      
6.65208336e+02      2.36691884e+01      
6.65625007e+02      2.38011871e+01      
6.66041679e+02      2.37018513e+01      
6.66458351e+02      2.32169120e+01      
6.67708351e+02      2.36864055e+01      
6.69791679e+02      2.38588001e+01      
6.71875007e+02      2.37748256e+01      
6.73958336e+02      2.38074090e+01      
6.76250000e+02      2.35429652e+01      
6.78750000e+02      2.32596627e+01      
6.81250000e+02      2.30794034e+01      
6.83750000e+02      2.29593024e+01      
6.85760623e+02      2.30832314e+01      
6.87281868e+02      2.32927964e+01      
6.88803113e+02      2.29812720e+01      
6.90324358e+02      2.28171983e+01      
6.91574358e+02      2.25376933e+01      
6.92553113e+02      2.24933454e+01      
6.93531868e+02      2.25214694e+01      
6.94510623e+02      2.25635328e+01      
6.96250000e+02      2.27611209e+01      
6.98750000e+02      2.25378652e+01      
7.01250000e+02      2.22108333e+01      
7.03750000e+02      2.23985801e+01      
7.06250000e+02      2.22512330e+01      
7.08750000e+02      2.20111932e+01      
7.11250000e+02      2.17299938e+01      
7.13750000e+02      2.14269847e+01      
7.16250000e+02      2.12483543e+01      
7.18750000e+02      2.09909526e+01      
7.21250000e+02      2.10249870e+01      
7.23750000e+02      2.09911269e+01      
7.26250000e+02      2.08687820e+01      
7.28750000e+02      2.04345619e+01      
7.31250000e+02      2.06003361e+01      
7.33750000e+02      2.05813601e+01      
7.36250000e+02      2.03822673e+01      
7.38750000e+02      2.00203534e+01      
7.41250000e+02      1.98013323e+01      
7.43750000e+02      2.00477806e+01      
7.45859962e+02      2.00124614e+01      
7.47579885e+02      2.00849785e+01      
7.49299808e+02      1.97782669e+01      
7.51019731e+02      1.97125748e+01      
7.52269731e+02      1.97082014e+01      
7.53049808e+02      1.97582597e+01      
7.53829885e+02      1.98555755e+01      
7.54609962e+02      1.97597616e+01      
7.56250000e+02      1.96727333e+01      
7.58750000e+02      1.94871060e+01      
7.61250000e+02      1.91442754e+01      
7.63750000e+02      1.93133224e+01      
7.66250000e+02      1.86696349e+01      
7.68750000e+02      1.89209515e+01      
7.71250000e+02      1.87101229e+01      
7.73750000e+02      1.86781040e+01      
7.75857604e+02      1.84382826e+01      
7.77572811e+02      1.83633894e+01      
7.79288018e+02      1.83057650e+01      
7.81003225e+02      1.82384500e+01      
7.82253225e+02      1.83990957e+01      
7.83038018e+02      1.81169232e+01      
7.83822811e+02      1.79380704e+01      
7.84607604e+02      1.81685689e+01      
7.86250000e+02      1.79977135e+01      
7.88750000e+02      1.80877702e+01      
7.91250000e+02      1.78904813e+01      
7.93750000e+02      1.73819664e+01      
7.96250000e+02      1.77550602e+01      
7.98750000e+02      1.76068694e+01      
8.01250000e+02      1.75165942e+01      
8.03750000e+02      1.73839304e+01      
8.06250000e+02      1.73622397e+01      
8.08750000e+02      1.71854940e+01      
8.11250000e+02      1.73081595e+01      
8.13750000e+02      1.73332294e+01      
8.16250000e+02      1.71501626e+01      
8.18750000e+02      1.66864910e+01      
8.21250000e+02      1.65290323e+01      
8.23750000e+02      1.67242493e+01      
8.26250000e+02      1.67144647e+01      
8.28750000e+02      1.65517736e+01      
8.31250000e+02      1.64787246e+01      
8.33750000e+02      1.59548569e+01      
8.35932497e+02      1.62899567e+01      
8.37797491e+02      1.61358439e+01      
8.39662485e+02      1.60473550e+01      
8.41527480e+02      1.60857758e+01      
8.42777480e+02      1.57360209e+01      
8.43412485e+02      1.56357241e+01      
8.44047491e+02      1.55328077e+01      
8.44682497e+02      1.59902905e+01      
8.46250000e+02      1.58384222e+01      
8.48750000e+02      1.53007506e+01      
8.51250000e+02      1.49126290e+01      
8.53750000e+02      1.33018713e+01      
8.56250000e+02      1.51238260e+01      
8.58750000e+02      1.52168074e+01      
8.61250000e+02      1.53055372e+01      
8.63750000e+02      1.55112362e+01      
8.66250000e+02      1.40773490e+01      
8.68750000e+02      1.51711821e+01      
8.71250000e+02      1.54700713e+01      
8.73750000e+02      1.51731446e+01      
8.76250000e+02      1.48578938e+01      
8.78750000e+02      1.49384219e+01      
8.81250000e+02      1.45682151e+01      
8.83750000e+02      1.46297865e+01      
8.85783196e+02      1.44861063e+01      
8.87349589e+02      1.42576340e+01      
8.88915982e+02      1.45563207e+01      
8.90482375e+02      1.46034926e+01      
8.91732375e+02      1.44174524e+01      
8.92665982e+02      1.40672981e+01      
8.93599589e+02      1.43319825e+01      
8.94533196e+02      1.40474511e+01      
8.96250000e+02      1.42870481e+01      
8.98750000e+02      1.41574589e+01      
9.01250000e+02      1.34837174e+01      
9.03750000e+02      1.40681052e+01      
9.06250000e+02      1.39149449e+01      
9.08750000e+02      1.35298952e+01      
9.11250000e+02      1.35742732e+01      
9.13750000e+02      1.37794237e+01      
9.16250000e+02      1.35991331e+01      
9.18750000e+02      1.35400042e+01      
9.21250000e+02      1.31752411e+01      
9.23750000e+02      1.28849306e+01      
9.26250000e+02      1.30616775e+01      
9.28750000e+02      1.32503396e+01      
9.31250000e+02      1.32076135e+01      
9.33750000e+02      1.31809269e+01      
9.36250000e+02      1.29906530e+01      
9.38750000e+02      1.29854715e+01      
9.41250000e+02      1.24925216e+01      
9.43750000e+02      1.26713607e+01      
9.46250000e+02      1.27351923e+01      
9.48750000e+02      1.27616461e+01      
9.51250000e+02      1.26200259e+01      
9.53750000e+02      1.23462791e+01      
9.55817304e+02      1.21370609e+01      
9.57451913e+02      1.23521257e+01      
9.59086521e+02      1.24759793e+01      
9.60721130e+02      1.22621044e+01      
9.61971130e+02      1.23661226e+01      
9.62836521e+02      1.21533270e+01      
9.63701913e+02      1.21527629e+01      
9.64567304e+02      1.22082665e+01      
9.66250000e+02      1.20777530e+01      
9.68750000e+02      1.21049356e+01      
9.71250000e+02      1.20781877e+01      
9.73750000e+02      1.18982404e+01      
9.76250000e+02      1.19001195e+01      
9.78750000e+02      1.18261081e+01      
9.81250000e+02      1.18371967e+01      
9.83750000e+02      1.17435992e+01      
9.86250000e+02      1.16736422e+01      
9.88750000e+02      1.15585801e+01      
9.91250000e+02      1.15315095e+01      
9.93750000e+02      1.15367162e+01      
9.96250000e+02      1.14744549e+01      
9.98750000e+02      1.14044326e+01      
1.00125000e+03      1.13746754e+01      
1.00375000e+03      1.10922269e+01      
1.00625000e+03      1.08514719e+01      
1.00875000e+03      1.11648316e+01      
1.01125000e+03      1.11097764e+01      
1.01375000e+03      1.10106836e+01      
1.01625000e+03      1.09076944e+01      
1.01875000e+03      1.07995254e+01      
1.02125000e+03      1.07694918e+01      
1.02375000e+03      1.08387715e+01      
1.02625000e+03      1.07885465e+01      
1.02875000e+03      1.07002476e+01      
1.03125000e+03      1.06481204e+01      
1.03375000e+03      1.04615884e+01      
1.03515868e+03      1.03938329e+01      
1.03547603e+03      1.05252345e+01      
1.03579339e+03      1.05451921e+01      
1.03611075e+03      1.05538353e+01      
1.03736075e+03      1.03677306e+01      
1.03954339e+03      1.04098053e+01      
1.04172603e+03      1.03877360e+01      
1.04390868e+03      1.03487300e+01      
1.04625000e+03      1.01673055e+01      
1.04875000e+03      1.02743053e+01      
1.05125000e+03      1.02072857e+01      
1.05375000e+03      1.01470528e+01      
1.05625000e+03      1.01579316e+01      
1.05875000e+03      9.95109269e+00      
1.06125000e+03      9.93202033e+00      
1.06375000e+03      9.94591822e+00      
1.06556484e+03      9.95842618e+00      
1.06669451e+03      9.74764913e+00      
1.06782418e+03      9.88915296e+00      
1.06895385e+03      9.37561235e+00      
1.07020385e+03      9.71787860e+00      
1.07157418e+03      9.79292359e+00      
1.07294451e+03      9.59974053e+00      
1.07431484e+03      9.69259325e+00      
1.07625000e+03      9.69928346e+00      
1.07875000e+03      9.61697540e+00      
1.08125000e+03      9.49612712e+00      
1.08375000e+03      9.43504724e+00      
1.08687500e+03      9.39057882e+00      
1.09062500e+03      9.41304436e+00      
1.09437500e+03      8.98368993e+00      
1.09812500e+03      9.11129967e+00      
1.10374294e+03      9.09886884e+00      
1.11122881e+03      9.01326599e+00      
1.11871468e+03      8.86663725e+00      
1.12620055e+03      8.66954739e+00      
1.13903128e+03      8.45964011e+00      
1.15720685e+03      8.22345575e+00      
1.17538242e+03      7.94597619e+00      
1.19355799e+03      7.66521132e+00      
1.21571375e+03      7.40808939e+00      
1.24184971e+03      7.09570720e+00      
1.26798566e+03      6.81759094e+00      
1.29412161e+03      6.48038864e+00      
1.32261778e+03      6.20901970e+00      
1.35347418e+03      5.92297734e+00      
1.38433059e+03      5.64746900e+00      
1.41518699e+03      5.35043930e+00      
1.44740644e+03      5.09908665e+00      
1.48098895e+03      4.82542425e+00      
1.51457146e+03      4.55130267e+00      
1.54815397e+03      4.31915095e+00      
1.58029753e+03      4.05325805e+00      
1.61100215e+03      3.86306763e+00      
1.64170676e+03      3.64563750e+00      
1.67241138e+03      3.42985642e+00      
1.70956790e+03      3.23044892e+00      
1.75317633e+03      2.95375648e+00      
1.79678476e+03      2.72635944e+00      
1.84039319e+03      2.52584373e+00      
1.88194796e+03      2.31305185e+00      
1.92144910e+03      2.17567761e+00      
1.96095023e+03      2.00216669e+00      
2.00045136e+03      1.87548605e+00      
2.04300708e+03      1.73682275e+00      
2.08861738e+03      1.61099233e+00      
2.13422769e+03      1.49475530e+00      
2.17983800e+03      1.36718205e+00      
2.23748645e+03      1.24354269e+00      
2.30717304e+03      1.10609366e+00      
2.37685964e+03      9.79425020e-01      
2.44654623e+03      8.85957278e-01      
2.50366265e+03      8.18399532e-01      
2.54820889e+03      7.67375507e-01      
2.59275514e+03      7.22797806e-01      
2.63730139e+03      6.79367652e-01      
2.69209120e+03      6.32758790e-01      
2.75712457e+03      5.84441865e-01      
2.82215795e+03      5.38645775e-01      
2.88719133e+03      4.97938920e-01      
2.94894192e+03      4.62113148e-01      
3.00740972e+03      4.30903445e-01      
3.06587753e+03      4.02548730e-01      
3.12434533e+03      3.78402668e-01      
3.16430572e+03      3.61541242e-01      
3.18575868e+03      3.51153615e-01      
3.20721164e+03      3.42966019e-01      
3.22866461e+03      3.35163373e-01      
3.24919847e+03      3.27242455e-01      
3.26881322e+03      3.20413911e-01      
3.28842798e+03      3.13809360e-01      
3.30804273e+03      3.06793165e-01      
3.32814434e+03      3.00570513e-01      
3.34873280e+03      2.93854526e-01      
3.36932126e+03      2.87413616e-01      
3.38990971e+03      2.81454424e-01      
3.41102225e+03      2.74937183e-01      
3.43265885e+03      2.68852176e-01      
3.45429546e+03      2.63058853e-01      
3.47593206e+03      2.56992813e-01      
3.49797380e+03      2.51168308e-01      
3.52042067e+03      2.45639333e-01      
3.54286754e+03      2.40078936e-01      
3.56531441e+03      2.34375834e-01      
3.58902943e+03      2.28948508e-01      
3.61401260e+03      2.23393990e-01      
3.63899577e+03      2.17936861e-01      
3.66397893e+03      2.12604812e-01      
3.68950149e+03      2.07145673e-01      
3.71556345e+03      2.01979676e-01      
3.74162540e+03      1.96939864e-01      
3.76768735e+03      1.91473870e-01      
3.80933142e+03      1.83791112e-01      
3.86655760e+03      1.74816515e-01      
3.92378378e+03      1.65701254e-01      
3.98100996e+03      1.57506390e-01      
4.02990538e+03      1.50565900e-01      
4.07047004e+03      1.44818239e-01      
4.11103469e+03      1.39734139e-01      
4.15159935e+03      1.33971230e-01      
4.21857828e+03      1.26369651e-01      
4.31197149e+03      1.17253860e-01      
4.40536469e+03      1.08361761e-01      
4.49875790e+03      1.00368517e-01      
4.58702880e+03      9.34049361e-02      
4.67017740e+03      8.72931207e-02      
4.75332600e+03      8.17765021e-02      
4.83647460e+03      7.67834123e-02      
4.90931845e+03      7.26590060e-02      
4.97185755e+03      6.91338850e-02      
5.03439665e+03      6.60173551e-02      
5.09693575e+03      6.29923433e-02      
5.16285533e+03      6.00306642e-02      
5.23215538e+03      5.71561879e-02      
5.30145544e+03      5.44022564e-02      
5.37075549e+03      5.17822175e-02      
5.44401556e+03      4.92353803e-02      
5.52123564e+03      4.66972771e-02      
5.59845573e+03      4.43329565e-02      
5.67567581e+03      4.20846489e-02      
5.75757587e+03      3.98716384e-02      
5.84415591e+03      3.77167124e-02      
5.93073595e+03      3.56808909e-02      
6.01731598e+03      3.37472641e-02      
6.10948187e+03      3.18619905e-02      
6.20723361e+03      3.00272354e-02      
6.30498534e+03      2.83059793e-02      
6.40273708e+03      2.66789323e-02      
6.50723028e+03      2.50916291e-02      
6.61846495e+03      2.35434584e-02      
6.72969961e+03      2.21070771e-02      
6.84093428e+03      2.07353809e-02      
6.96040857e+03      1.94189584e-02      
7.08812249e+03      1.81408313e-02      
7.21583641e+03      1.69447717e-02      
7.34355032e+03      1.58605818e-02      
7.46187353e+03      1.49231268e-02      
7.57080603e+03      1.41021329e-02      
7.67973852e+03      1.33536003e-02      
7.78867102e+03      1.26411149e-02      
7.90441173e+03      1.19444431e-02      
8.02696067e+03      1.12679165e-02      
8.14950961e+03      1.06323515e-02      
8.27205855e+03      1.00091767e-02      
8.41982520e+03      9.35410166e-03      
8.59280956e+03      8.67798058e-03      
8.76579392e+03      8.03229905e-03      
8.93877828e+03      7.48504697e-03      
9.07082057e+03      7.07156466e-03      
9.16192079e+03      6.77387989e-03      
9.25302100e+03      6.51892912e-03      
9.34412122e+03      6.25885946e-03      
9.46596241e+03      5.95424917e-03      
9.61854458e+03      5.61508759e-03      
9.77112675e+03      5.28427879e-03      
9.92370892e+03      4.97554449e-03      
1.00797873e+04      4.68207018e-03      
1.02393618e+04      4.40741215e-03      
1.03989363e+04      4.15153764e-03      
1.05585108e+04      3.90728609e-03      
1.07370822e+04      3.66090049e-03      
1.09346507e+04      3.41723683e-03      
1.11322191e+04      3.18828023e-03      
1.13297875e+04      2.96766518e-03      
1.15625002e+04      2.74275874e-03      
1.18303573e+04      2.51672947e-03      
1.20982144e+04      2.30634391e-03      
1.23660715e+04      2.11147474e-03      
1.26736112e+04      1.91914019e-03      
1.30208335e+04      1.73213246e-03      
1.33680558e+04      1.56326277e-03      
1.37152781e+04      1.41750375e-03      
1.40268412e+04      1.29859906e-03      
1.43027449e+04      1.19999695e-03      
1.45786486e+04      1.11368579e-03      
1.48545523e+04      1.03397623e-03      
1.51443729e+04      9.58769239e-04      
1.54481106e+04      8.87995932e-04      
1.57518482e+04      8.22381927e-04      
1.60555859e+04      7.57912329e-04      
1.64751008e+04      6.85365988e-04      
1.70103929e+04      6.08675615e-04      
1.75456851e+04      5.39003381e-04      
1.80809772e+04      4.79927181e-04      
1.85802979e+04      4.31099012e-04      
1.90436473e+04      3.90466473e-04      
1.95069966e+04      3.55358044e-04      
1.99703460e+04      3.22539811e-04      
2.05176771e+04      2.90076423e-04      
2.11489899e+04      2.58508704e-04      
2.17803028e+04      2.30221758e-04      
2.24116156e+04      2.04487682e-04      
2.31758368e+04      1.79265373e-04      
2.40729663e+04      1.55186579e-04      
2.49700959e+04      1.34289313e-04      
2.58672254e+04      1.16597156e-04      
2.68141952e+04      1.01175785e-04      
2.78110051e+04      8.77124612e-05      
2.88078151e+04      7.63224122e-05      
2.98046250e+04      6.63135489e-05      
3.09794371e+04      5.69366487e-05      
3.23322513e+04      4.83498830e-05      
3.36850655e+04      4.10959976e-05      
3.50378797e+04      3.46425414e-05      
3.69318190e+04      2.81648340e-05      
3.93668833e+04      2.21926849e-05      
4.18019476e+04      1.74789401e-05      
4.42370119e+04      1.36891889e-05      
4.75852261e+04      1.02756375e-05      
5.18465900e+04      7.45079767e-06      
5.61079540e+04      5.43800075e-06      
6.03693180e+04      3.90528920e-06      
6.71875000e+04      2.57424482e-06      
7.65625000e+04      1.58991765e-06      
8.59375000e+04      1.00086058e-06      
9.53125000e+04      6.92269450e-07      
1.00000000e+05      3.05484899e-07      
