Wavelength(nm)      SolarFlux(mW/m^2/nm)
1.00000000e+00      4.19756544e-04      
1.37500000e+00      3.35792915e-04      
2.12500000e+00      3.22529988e-03      
2.87500000e+00      4.12877645e-03      
3.62500000e+00      3.04622264e-03      
4.12500000e+00      3.82528356e-03      
4.37500000e+00      4.21481402e-03      
4.62500000e+00      4.21481402e-03      
4.87500000e+00      4.21481402e-03      
5.12500000e+00      7.24440410e-03      
5.37500000e+00      7.24440410e-03      
5.62500000e+00      7.24440410e-03      
5.87500000e+00      7.24440410e-03      
6.12500000e+00      6.44357712e-03      
6.37500000e+00      6.44357712e-03      
6.62500000e+00      6.44357712e-03      
6.87500000e+00      6.44357712e-03      
7.12500000e+00      6.76390791e-03      
7.37500000e+00      6.76390791e-03      
7.62500000e+00      6.76390791e-03      
7.87500000e+00      6.76390791e-03      
8.12500000e+00      4.12179489e-03      
8.37500000e+00      4.12179489e-03      
8.62500000e+00      4.12179489e-03      
8.87500000e+00      4.12179489e-03      
9.12500000e+00      4.62569987e-03      
9.37500000e+00      4.62569987e-03      
9.62500000e+00      4.62569987e-03      
9.87500000e+00      4.62569987e-03      
1.01250000e+01      1.60658213e-03      
1.03750000e+01      1.60658213e-03      
1.06250000e+01      1.60658213e-03      
1.08750000e+01      1.60658213e-03      
1.11250000e+01      1.15134280e-03      
1.13750000e+01      1.15134280e-03      
1.16250000e+01      1.15134280e-03      
1.18750000e+01      1.15134280e-03      
1.21000000e+01      7.46653366e-04      
1.23000001e+01      7.21360307e-04      
1.25000001e+01      7.21360307e-04      
1.27000002e+01      7.21360307e-04      
1.31125002e+01      7.00667938e-04      
1.37375002e+01      8.17336803e-04      
1.43625002e+01      2.21151452e-03      
1.49875002e+01      2.42548759e-03      
1.55875002e+01      2.66736988e-03      
1.61625003e+01      3.41848708e-03      
1.67375003e+01      4.16848573e-03      
1.73125004e+01      1.60781418e-02      
1.79625003e+01      1.22720258e-02      
1.86875002e+01      8.04331937e-03      
1.94125001e+01      8.26699856e-03      
2.01375000e+01      5.36473349e-03      
2.08250000e+01      3.80361141e-03      
2.14750001e+01      3.09735237e-03      
2.21250002e+01      3.96437831e-03      
2.27750003e+01      3.81256204e-03      
2.35875003e+01      2.45964272e-03      
2.45625002e+01      5.66788134e-03      
2.55375001e+01      8.90685398e-03      
2.65125000e+01      3.02404590e-03      
2.71250000e+01      4.35322235e-03      
2.73750000e+01      5.31687516e-03      
2.76250000e+01      5.31687516e-03      
2.78750000e+01      5.55453596e-03      
2.82500000e+01      6.50517920e-03      
2.87500000e+01      6.50517920e-03      
2.92500000e+01      1.86099871e-03      
2.97500000e+01      1.86099871e-03      
3.02500000e+01      3.94869305e-02      
3.07500000e+01      3.94869305e-02      
3.12500000e+01      7.66945843e-03      
3.17500000e+01      7.66945843e-03      
3.22500000e+01      1.06509989e-02      
3.27500000e+01      1.06509989e-02      
3.32500000e+01      1.04600325e-02      
3.37500000e+01      1.04600325e-02      
3.42500000e+01      4.47231070e-03      
3.47500000e+01      4.47231070e-03      
3.52500000e+01      3.84766565e-03      
3.57500000e+01      3.84766565e-03      
3.61250000e+01      4.94122570e-03      
3.63750000e+01      5.21461571e-03      
3.66250000e+01      5.21461571e-03      
3.68750000e+01      3.76306547e-03      
3.73750000e+01      8.59964977e-04      
3.81250000e+01      5.32488343e-04      
3.88750000e+01      3.68010800e-04      
3.96250000e+01      3.66532351e-04      
4.03750000e+01      6.14727114e-04      
4.11250000e+01      1.00902147e-03      
4.18750000e+01      9.03558713e-04      
4.26250000e+01      2.98338853e-04      
4.33750000e+01      6.95487435e-04      
4.41250000e+01      4.13760609e-04      
4.48750000e+01      2.83718627e-04      
4.56250000e+01      3.05361489e-04      
4.62500000e+01      1.01518167e-03      
4.67500000e+01      1.10390920e-03      
4.72500000e+01      4.38360371e-04      
4.77500000e+01      4.38360371e-04      
4.82500000e+01      7.29984597e-04      
4.87500000e+01      7.29984597e-04      
4.92500000e+01      2.59899157e-03      
4.97500000e+01      2.59899157e-03      
5.02500000e+01      1.05893968e-03      
5.07500000e+01      1.05893968e-03      
5.12500000e+01      3.62897828e-04      
5.17500000e+01      3.62897828e-04      
5.22500000e+01      6.39429546e-04      
5.27500000e+01      6.39429546e-04      
5.32500000e+01      4.71255879e-04      
5.37500000e+01      4.71255879e-04      
5.42500000e+01      3.03759835e-04      
5.47500000e+01      3.03759835e-04      
5.52500000e+01      1.36017383e-03      
5.57500000e+01      1.36017383e-03      
5.62500000e+01      4.14705174e-04      
5.67500000e+01      4.14705174e-04      
5.72500000e+01      4.13165122e-04      
5.77500000e+01      4.13165122e-04      
5.82500000e+01      2.34026286e-03      
5.87500000e+01      2.34026286e-03      
5.92500000e+01      4.88381256e-04      
5.97500000e+01      4.88381256e-04      
6.02500000e+01      2.00884369e-03      
6.07500000e+01      2.00884369e-03      
6.12500000e+01      6.10846183e-04      
6.17500000e+01      6.10846183e-04      
6.21250000e+01      2.24423754e-03      
6.23750000e+01      2.65258538e-03      
6.26250000e+01      2.65258538e-03      
6.28750000e+01      1.66202400e-03      
6.36250000e+01      5.41898060e-04      
6.48750000e+01      1.40317208e-04      
6.61250000e+01      1.12744119e-04      
6.73750000e+01      1.09405286e-04      
6.83750000e+01      3.41029091e-04      
6.91250000e+01      3.14191120e-04      
6.98750000e+01      4.32857252e-04      
7.06250000e+01      7.35528784e-04      
7.13750000e+01      3.22240458e-04      
7.21250000e+01      2.69591217e-04      
7.28750000e+01      2.67825291e-04      
7.36250000e+01      3.16942680e-04      
7.43750000e+01      3.90557160e-04      
7.51250000e+01      5.26615611e-04      
7.58750000e+01      8.96022725e-04      
7.66250000e+01      1.49877850e-03      
7.71250000e+01      1.42033853e-03      
7.73750000e+01      1.38111854e-03      
7.76250000e+01      1.38111854e-03      
7.78750000e+01      1.38111854e-03      
7.81250000e+01      1.92444885e-03      
7.83750000e+01      1.92444885e-03      
7.86250000e+01      1.92444885e-03      
7.88750000e+01      1.92444885e-03      
7.91250000e+01      8.99390305e-04      
7.93750000e+01      8.99390305e-04      
7.96250000e+01      8.99390305e-04      
7.98750000e+01      9.10067999e-04      
8.03750000e+01      9.31423385e-04      
8.11250000e+01      1.01602357e-03      
8.18750000e+01      1.22690801e-03      
8.26250000e+01      1.56407670e-03      
8.30749998e+01      2.10833018e-03      
8.32249994e+01      2.65258538e-03      
8.33749990e+01      2.65258538e-03      
8.35249987e+01      2.65258538e-03      
8.38999987e+01      2.36119355e-03      
8.44999990e+01      1.94231345e-03      
8.50999994e+01      2.08933683e-03      
8.56999998e+01      2.16284888e-03      
8.60625000e+01      2.22950546e-03      
8.61875000e+01      2.29282926e-03      
8.63125000e+01      2.29282926e-03      
8.64375000e+01      2.29282926e-03      
8.65625000e+01      2.29282926e-03      
8.66875000e+01      2.29282926e-03      
8.68125000e+01      2.29282926e-03      
8.69375000e+01      2.29282926e-03      
8.70625000e+01      2.72897195e-03      
8.71875000e+01      2.72897195e-03      
8.73125000e+01      2.72897195e-03      
8.74375000e+01      2.72897195e-03      
8.75625000e+01      2.72897195e-03      
8.76875000e+01      2.72897195e-03      
8.78125000e+01      2.72897195e-03      
8.79375000e+01      2.72897195e-03      
8.80625000e+01      3.11891309e-03      
8.81875000e+01      3.11891309e-03      
8.83125000e+01      3.11891309e-03      
8.84375000e+01      3.11891309e-03      
8.85625000e+01      3.11891309e-03      
8.86875000e+01      3.11891309e-03      
8.88125000e+01      3.11891309e-03      
8.89375000e+01      3.11891309e-03      
8.90625000e+01      3.79345582e-03      
8.91875000e+01      3.79345582e-03      
8.93125000e+01      3.79345582e-03      
8.94375000e+01      3.79345582e-03      
8.95625000e+01      3.79345582e-03      
8.96875000e+01      3.79345582e-03      
8.98125000e+01      3.79345582e-03      
8.99375000e+01      3.79345582e-03      
9.00625000e+01      4.46738253e-03      
9.01875000e+01      4.46738253e-03      
9.03125000e+01      4.46738253e-03      
9.04375000e+01      4.46738253e-03      
9.05749998e+01      4.46738253e-03      
9.07249994e+01      4.46738253e-03      
9.08749990e+01      4.46738253e-03      
9.10249987e+01      3.79744125e-03      
9.11499987e+01      3.41460306e-03      
9.12499990e+01      3.41460306e-03      
9.13499994e+01      3.41460306e-03      
9.14499998e+01      3.41460306e-03      
9.15625000e+01      3.41460306e-03      
9.16875000e+01      3.41460306e-03      
9.18125000e+01      3.41460306e-03      
9.19375000e+01      3.41460306e-03      
9.20375004e+01      1.53274081e-03      
9.21125011e+01      1.21910508e-03      
9.21875019e+01      1.21910508e-03      
9.22625027e+01      1.21910508e-03      
9.23500023e+01      1.21910508e-03      
9.24500008e+01      1.21910508e-03      
9.25499992e+01      1.21910508e-03      
9.26499977e+01      1.21910508e-03      
9.27374973e+01      1.21910508e-03      
9.28124981e+01      1.21910508e-03      
9.28874989e+01      1.21910508e-03      
9.29624996e+01      1.21910508e-03      
9.30375004e+01      1.06694795e-03      
9.31125011e+01      1.06694795e-03      
9.31875019e+01      1.06694795e-03      
9.32625027e+01      1.06694795e-03      
9.33625031e+01      1.06694795e-03      
9.34875031e+01      1.06694795e-03      
9.36125031e+01      1.06694795e-03      
9.37375031e+01      1.06694795e-03      
9.38500023e+01      1.06694795e-03      
9.39500008e+01      1.06694795e-03      
9.40499992e+01      7.60785635e-04      
9.41499977e+01      7.60785635e-04      
9.42749977e+01      7.60785635e-04      
9.44249992e+01      7.60785635e-04      
9.45750008e+01      7.60785635e-04      
9.47250023e+01      7.60785635e-04      
9.48375025e+01      7.60785635e-04      
9.49125013e+01      7.60785635e-04      
9.49875002e+01      6.53125741e-04      
9.50624990e+01      4.37805952e-04      
9.51374989e+01      4.37805952e-04      
9.52124996e+01      4.37805952e-04      
9.52875004e+01      4.37805952e-04      
9.53625011e+01      4.37805952e-04      
9.54250011e+01      4.37805952e-04      
9.54750004e+01      4.37805952e-04      
9.55249996e+01      4.37805952e-04      
9.55749989e+01      4.37805952e-04      
9.56124983e+01      4.37805952e-04      
9.56374979e+01      4.37805952e-04      
9.56624975e+01      4.37805952e-04      
9.56874971e+01      4.37805952e-04      
9.57499971e+01      4.37805952e-04      
9.58499975e+01      4.37805952e-04      
9.59499979e+01      4.37805952e-04      
9.60499983e+01      4.55239027e-04      
9.61624985e+01      4.55239340e-04      
9.62874985e+01      4.55239340e-04      
9.64124985e+01      4.55239340e-04      
9.65374985e+01      4.55239340e-04      
9.66124983e+01      4.55239340e-04      
9.66374979e+01      4.55239340e-04      
9.66624975e+01      4.55239340e-04      
9.66874971e+01      4.55239340e-04      
9.67499971e+01      4.55239340e-04      
9.68499975e+01      4.55239340e-04      
9.69499979e+01      4.55239340e-04      
9.70499983e+01      8.17444821e-03      
9.71499987e+01      8.17459545e-03      
9.72499990e+01      8.17459545e-03      
9.73499994e+01      8.17459545e-03      
9.74499998e+01      8.17459545e-03      
9.75625000e+01      8.17459545e-03      
9.76875000e+01      8.17459545e-03      
9.78125000e+01      8.17459545e-03      
9.79375000e+01      8.17459545e-03      
9.80625000e+01      9.27111240e-04      
9.81875000e+01      9.27111240e-04      
9.83125000e+01      9.27111240e-04      
9.84375000e+01      9.27111240e-04      
9.85124998e+01      9.27111240e-04      
9.85374994e+01      9.27111240e-04      
9.85624990e+01      9.27111240e-04      
9.85874987e+01      9.27111240e-04      
9.86249990e+01      9.27111240e-04      
9.86750002e+01      9.27111240e-04      
9.87250013e+01      9.27111240e-04      
9.87750025e+01      9.27111240e-04      
9.88375025e+01      9.27111240e-04      
9.89125013e+01      9.27111240e-04      
9.89875002e+01      1.09487423e-03      
9.90624990e+01      1.43040020e-03      
9.91249990e+01      1.43040020e-03      
9.91750002e+01      1.43040020e-03      
9.92250013e+01      1.43040020e-03      
9.92750025e+01      1.43040020e-03      
9.93875029e+01      1.43040020e-03      
9.95625025e+01      1.43040020e-03      
9.97375021e+01      1.43040020e-03      
9.99125017e+01      1.10891709e-03      
1.00300001e+02      5.79429124e-04      
1.00900002e+02      6.09491163e-04      
1.01500002e+02      6.69614563e-04      
1.02100002e+02      3.91130623e-03      
1.02475001e+02      6.16636778e-03      
1.02625001e+02      6.16636778e-03      
1.02775001e+02      6.16636778e-03      
1.02925000e+02      6.16636778e-03      
1.03062500e+02      6.35410758e-03      
1.03187500e+02      6.36349442e-03      
1.03312500e+02      6.36349442e-03      
1.03437500e+02      6.36349442e-03      
1.03625000e+02      6.36349442e-03      
1.03875000e+02      6.36349442e-03      
1.04125000e+02      9.24031136e-04      
1.04375000e+02      9.24031136e-04      
1.04650000e+02      9.24031136e-04      
1.04949999e+02      8.76803478e-04      
1.05249998e+02      7.82346362e-04      
1.05549997e+02      7.82346362e-04      
1.05862497e+02      7.79399398e-04      
1.06187498e+02      7.44769095e-04      
1.06512499e+02      7.44769095e-04      
1.06837500e+02      7.44769095e-04      
1.07125000e+02      7.87174215e-04      
1.07375000e+02      7.90354631e-04      
1.07625000e+02      7.90354631e-04      
1.07875000e+02      7.90354631e-04      
1.08125000e+02      1.32567667e-03      
1.08375000e+02      1.32567667e-03      
1.08625000e+02      1.32567667e-03      
1.08875000e+02      1.32567667e-03      
1.09125000e+02      8.91998056e-04      
1.09375000e+02      8.91998056e-04      
1.09625000e+02      8.91998056e-04      
1.09875000e+02      8.91998056e-04      
1.10125000e+02      9.51136049e-04      
1.10375000e+02      9.51136049e-04      
1.10625000e+02      9.51136049e-04      
1.10875000e+02      9.51136049e-04      
1.11013889e+02      9.21772229e-04      
1.11041667e+02      8.63045081e-04      
1.11069445e+02      8.63045081e-04      
1.11097223e+02      8.63045081e-04      
1.11222223e+02      8.63045081e-04      
1.11444445e+02      8.63045081e-04      
1.11666667e+02      8.63045081e-04      
1.11888889e+02      8.65770528e-04      
1.12125000e+02      9.52984111e-04      
1.12375000e+02      9.52984111e-04      
1.12625000e+02      9.52984111e-04      
1.12875000e+02      9.52984111e-04      
1.13125000e+02      7.34296743e-04      
1.13375000e+02      7.34296743e-04      
1.13625000e+02      7.34296743e-04      
1.13875000e+02      7.34296743e-04      
1.14125000e+02      4.96820741e-04      
1.14375000e+02      4.96820741e-04      
1.14625000e+02      4.96820741e-04      
1.14875000e+02      4.96820741e-04      
1.15087500e+02      7.85316766e-04      
1.15262499e+02      8.16227503e-04      
1.15437498e+02      8.16227503e-04      
1.15612497e+02      8.16227503e-04      
1.15774998e+02      8.16227503e-04      
1.15924999e+02      8.16227503e-04      
1.16075001e+02      9.22799094e-04      
1.16225002e+02      9.22799094e-04      
1.16387503e+02      9.22799094e-04      
1.16562502e+02      9.22799094e-04      
1.16737501e+02      9.22799094e-04      
1.16912500e+02      9.22799094e-04      
1.17075000e+02      3.85604502e-03      
1.17224999e+02      3.97826205e-03      
1.17374999e+02      3.97826205e-03      
1.17524999e+02      3.97826205e-03      
1.17687499e+02      3.97826205e-03      
1.17862500e+02      3.97826205e-03      
1.18037501e+02      1.87849299e-03      
1.18212502e+02      1.03861100e-03      
1.18387503e+02      1.03861100e-03      
1.18562502e+02      1.03861100e-03      
1.18737501e+02      1.03861100e-03      
1.18912500e+02      1.12286246e-03      
1.19100000e+02      3.48174932e-03      
1.19300001e+02      3.48174932e-03      
1.19500002e+02      3.48174932e-03      
1.19700003e+02      3.39280449e-03      
1.19887503e+02      3.78993603e-03      
1.20062502e+02      3.78843448e-03      
1.20237501e+02      3.42024210e-03      
1.20412500e+02      1.00571765e-02      
1.20587500e+02      2.53334020e-02      
1.20762499e+02      1.86646642e-02      
1.20937498e+02      6.80337431e-03      
1.21112497e+02      1.38451996e-02      
1.21299997e+02      3.47856660e-01      
1.21499998e+02      1.43547489e+00      
1.21699999e+02      9.48371280e-01      
1.21900000e+02      9.78634426e-02      
1.22087500e+02      9.36044012e-03      
1.22262499e+02      4.38661040e-03      
1.22437498e+02      3.15368159e-03      
1.22612497e+02      2.65732650e-03      
1.22799997e+02      2.47511464e-03      
1.22999998e+02      2.15954118e-03      
1.23199999e+02      1.91520927e-03      
1.23400000e+02      1.84563809e-03      
1.23587500e+02      2.11337373e-03      
1.23762499e+02      3.79626033e-03      
1.23937498e+02      4.05184314e-03      
1.24112497e+02      3.03499104e-03      
1.24299997e+02      2.88314562e-03      
1.24499998e+02      1.74873776e-03      
1.24699999e+02      1.43271041e-03      
1.24900000e+02      1.42939912e-03      
1.25100000e+02      1.47960515e-03      
1.25300001e+02      1.76135933e-03      
1.25500002e+02      1.89819047e-03      
1.25700003e+02      2.08739456e-03      
1.25900002e+02      3.23573937e-03      
1.26100001e+02      3.08587044e-03      
1.26300000e+02      3.05692599e-03      
1.26499999e+02      4.93710160e-03      
1.26699999e+02      2.52569809e-03      
1.26900000e+02      1.14926455e-03      
1.27100000e+02      1.07742028e-03      
1.27300001e+02      1.22395819e-03      
1.27500001e+02      1.75465990e-03      
1.27700000e+02      1.94439270e-03      
1.27899999e+02      1.80779154e-03      
1.28099998e+02      1.39937451e-03      
1.28299997e+02      9.66847193e-04      
1.28499998e+02      9.23491060e-04      
1.28699999e+02      1.33876350e-03      
1.28900000e+02      1.65536025e-03      
1.29112499e+02      1.19957027e-03      
1.29337498e+02      1.20164628e-03      
1.29562496e+02      1.64709928e-03      
1.29787495e+02      1.89521366e-03      
1.29999994e+02      5.15558398e-03      
1.30199995e+02      1.21123772e-02      
1.30399996e+02      1.76172891e-02      
1.30599997e+02      1.70799737e-02      
1.30812498e+02      5.80094490e-03      
1.31037500e+02      2.95340671e-03      
1.31262503e+02      1.81499386e-03      
1.31487505e+02      1.58284538e-03      
1.31700005e+02      1.93029532e-03      
1.31900002e+02      1.77244260e-03      
1.32099998e+02      1.26107219e-03      
1.32299995e+02      1.34368712e-03      
1.32512495e+02      1.36043938e-03      
1.32737497e+02      1.65674570e-03      
1.32962500e+02      1.98858302e-03      
1.33187502e+02      5.81041491e-03      
1.33412502e+02      3.25048777e-02      
1.33637501e+02      2.54511472e-02      
1.33862499e+02      2.95745858e-03      
1.34087498e+02      1.29555969e-03      
1.34312498e+02      1.32458156e-03      
1.34537500e+02      1.34319918e-03      
1.34762503e+02      1.44368367e-03      
1.34987505e+02      2.16300621e-03      
1.35212505e+02      2.62924301e-03      
1.35437504e+02      3.24357628e-03      
1.35662502e+02      3.60398736e-03      
1.35887501e+02      2.79959565e-03      
1.36125000e+02      2.12018496e-03      
1.36375000e+02      1.96929516e-03      
1.36625000e+02      1.81492035e-03      
1.36875000e+02      2.06771281e-03      
1.37112499e+02      2.34530761e-03      
1.37337498e+02      2.09981336e-03      
1.37562496e+02      1.84833743e-03      
1.37787495e+02      1.95516076e-03      
1.38024994e+02      2.18606606e-03      
1.38274994e+02      2.06675439e-03      
1.38524994e+02      2.04721777e-03      
1.38774994e+02      2.20376928e-03      
1.39137495e+02      7.38018809e-03      
1.39612497e+02      6.48102986e-03      
1.40087500e+02      6.42563924e-03      
1.40562502e+02      4.64282228e-03      
1.41050003e+02      3.11080453e-03      
1.41550003e+02      3.09134569e-03      
1.42050003e+02      3.10169757e-03      
1.42550003e+02      3.79945787e-03      
1.42807146e+02      3.23066654e-03      
1.42821433e+02      3.12260455e-03      
1.42835719e+02      3.11152084e-03      
1.42850006e+02      3.20033485e-03      
1.43112505e+02      3.98196093e-03      
1.43623216e+02      3.75549225e-03      
1.44133927e+02      3.57778724e-03      
1.44644638e+02      3.76879042e-03      
1.45162495e+02      3.78197576e-03      
1.45687496e+02      4.08439277e-03      
1.46212498e+02      4.44432345e-03      
1.46737499e+02      5.27318656e-03      
1.47275000e+02      6.97299338e-03      
1.47824999e+02      5.20125719e-03      
1.48374998e+02      6.34341923e-03      
1.48924997e+02      5.48932832e-03      
1.49487497e+02      5.48685001e-03      
1.50062498e+02      5.93776825e-03      
1.50637499e+02      6.03863670e-03      
1.51212500e+02      6.56544184e-03      
1.51787500e+02      6.37581511e-03      
1.52362501e+02      8.03024203e-03      
1.52937502e+02      9.07318513e-03      
1.53512503e+02      9.96548173e-03      
1.54100002e+02      8.51561219e-03      
1.54700001e+02      2.12930474e-02      
1.55299999e+02      1.40178223e-02      
1.55899998e+02      1.50830893e-02      
1.56512497e+02      1.14407070e-02      
1.57137497e+02      1.26656211e-02      
1.57762497e+02      1.14794384e-02      
1.58387497e+02      1.12140129e-02      
1.59024998e+02      1.19613289e-02      
1.59674999e+02      1.14515906e-02      
1.60325001e+02      1.26985567e-02      
1.60975002e+02      1.48565373e-02      
1.61625002e+02      1.48745258e-02      
1.62275000e+02      1.72642188e-02      
1.62924997e+02      1.78811809e-02      
1.63574995e+02      1.98082899e-02      
1.64245829e+02      2.29601827e-02      
1.64937498e+02      1.86666909e-02      
1.65629167e+02      3.94799833e-02      
1.66320837e+02      2.43669855e-02      
1.66670837e+02      2.29148226e-02      
1.66679169e+02      2.27373261e-02      
1.66687500e+02      2.27373261e-02      
1.66695831e+02      2.35475490e-02      
1.67049997e+02      2.86205635e-02      
1.67749998e+02      2.57373452e-02      
1.68449999e+02      2.95610657e-02      
1.69150000e+02      3.60160565e-02      
1.69862499e+02      4.32458238e-02      
1.70587498e+02      4.52815545e-02      
1.71312496e+02      4.51290389e-02      
1.72037495e+02      4.90934796e-02      
1.72587494e+02      5.04633790e-02      
1.72962494e+02      4.65737134e-02      
1.73337494e+02      4.82450349e-02      
1.73712494e+02      5.13777208e-02      
1.74087494e+02      5.70516154e-02      
1.74462494e+02      6.16780605e-02      
1.74837494e+02      6.01937956e-02      
1.75212494e+02      6.89255105e-02      
1.75599995e+02      7.50410558e-02      
1.75999996e+02      7.83886180e-02      
1.76399998e+02      7.45885890e-02      
1.76799999e+02      8.38634950e-02      
1.77200001e+02      9.90176314e-02      
1.77600002e+02      8.87801375e-02      
1.78000004e+02      1.01293135e-01      
1.78400005e+02      1.02933261e-01      
1.78800005e+02      1.08396640e-01      
1.79200003e+02      1.06325080e-01      
1.79600000e+02      1.00453739e-01      
1.79999998e+02      1.11715327e-01      
1.80399998e+02      1.19357824e-01      
1.80799999e+02      1.44995821e-01      
1.81200001e+02      1.21271376e-01      
1.81600002e+02      1.84215283e-01      
1.82012503e+02      1.55424413e-01      
1.82437502e+02      1.53211588e-01      
1.82862501e+02      1.42463869e-01      
1.83287500e+02      1.54595857e-01      
1.83712500e+02      1.58965969e-01      
1.84137499e+02      1.41923962e-01      
1.84562498e+02      1.34133180e-01      
1.84987497e+02      1.28683084e-01      
1.85412497e+02      1.58085016e-01      
1.85837496e+02      1.64133468e-01      
1.86262495e+02      1.68148214e-01      
1.86687494e+02      1.85103922e-01      
1.87124994e+02      2.10080427e-01      
1.87574995e+02      2.03940601e-01      
1.88024996e+02      1.96510567e-01      
1.88474997e+02      2.22106127e-01      
1.88924997e+02      2.35901554e-01      
1.89374998e+02      2.53619202e-01      
1.89824999e+02      2.29649180e-01      
1.90275000e+02      2.44652613e-01      
1.90725000e+02      2.62784201e-01      
1.91175001e+02      2.64454307e-01      
1.91625002e+02      2.84553698e-01      
1.92075003e+02      2.99176893e-01      
1.92537502e+02      2.89789265e-01      
1.93012501e+02      2.44936193e-01      
1.93487499e+02      2.03825045e-01      
1.93962498e+02      2.99411427e-01      
1.94437498e+02      3.72413723e-01      
1.94912500e+02      3.76459888e-01      
1.95387503e+02      3.57207889e-01      
1.95862505e+02      3.73026451e-01      
1.96337505e+02      3.81638519e-01      
1.96812504e+02      4.44825326e-01      
1.97287502e+02      4.15755545e-01      
1.97762501e+02      4.03052773e-01      
1.98250000e+02      4.26564756e-01      
1.98750000e+02      3.93403176e-01      
1.99250000e+02      4.40824454e-01      
1.99750000e+02      4.46454888e-01      
2.00000000e+02      4.56200340e-01      
2.00000001e+02      4.57210606e-01      
2.00000002e+02      4.57210606e-01      
2.00000003e+02      4.58911034e-01      
2.00250003e+02      4.78122565e-01      
2.00750002e+02      4.95601115e-01      
2.01250001e+02      5.19108409e-01      
2.01750000e+02      5.42238993e-01      
2.02262501e+02      5.40743716e-01      
2.02787502e+02      5.43753061e-01      
2.03312504e+02      5.94706508e-01      
2.03837505e+02      6.14155508e-01      
2.04362505e+02      6.73094062e-01      
2.04887503e+02      6.90864323e-01      
2.05412500e+02      6.97740321e-01      
2.05937498e+02      6.94501821e-01      
2.06462498e+02      7.15053222e-01      
2.06987499e+02      7.70888306e-01      
2.07512501e+02      8.39299029e-01      
2.08037502e+02      8.74493037e-01      
2.08575003e+02      9.85281636e-01      
2.09125002e+02      1.20682446e+00      
2.09675001e+02      1.47031322e+00      
2.10225000e+02      1.69046940e+00      
2.10787500e+02      1.89436788e+00      
2.11362501e+02      2.09182035e+00      
2.11937502e+02      2.45995717e+00      
2.12512503e+02      1.87306243e+00      
2.13087503e+02      1.99631103e+00      
2.13662504e+02      2.11088656e+00      
2.14237505e+02      2.66513778e+00      
2.14812506e+02      2.53605011e+00      
2.15387505e+02      2.45418623e+00      
2.15962502e+02      2.12316885e+00      
2.16537498e+02      2.07591593e+00      
2.17112495e+02      2.09953190e+00      
2.17724995e+02      2.30327263e+00      
2.18374996e+02      3.04976780e+00      
2.19024998e+02      2.80006433e+00      
2.19674999e+02      3.17468520e+00      
2.20275000e+02      3.26376889e+00      
2.20824999e+02      2.75287603e+00      
2.21374998e+02      2.45427050e+00      
2.21924997e+02      2.69944214e+00      
2.22512497e+02      3.17225614e+00      
2.23137497e+02      3.74984248e+00      
2.23762497e+02      4.25444608e+00      
2.24387497e+02      3.71802680e+00      
2.25024998e+02      3.69091044e+00      
2.25674999e+02      3.23176877e+00      
2.26325001e+02      2.65551764e+00      
2.26975002e+02      2.15172280e+00      
2.27625002e+02      2.56216438e+00      
2.28275000e+02      3.37657555e+00      
2.28924997e+02      3.13325376e+00      
2.29574995e+02      3.04658025e+00      
2.30237495e+02      3.06760976e+00      
2.30912498e+02      3.47053694e+00      
2.31587502e+02      3.22176449e+00      
2.32262505e+02      3.46348710e+00      
2.32937506e+02      3.08512242e+00      
2.33612505e+02      2.76874866e+00      
2.34287504e+02      2.41051377e+00      
2.34962503e+02      2.71990569e+00      
2.35587884e+02      3.49622216e+00      
2.36163647e+02      3.05169723e+00      
2.36739410e+02      2.99043280e+00      
2.37315172e+02      3.31587675e+00      
2.37665173e+02      3.11651969e+00      
2.37789411e+02      3.40798760e+00      
2.37913649e+02      2.95341239e+00      
2.38037887e+02      2.45778717e+00      
2.38462505e+02      2.58830383e+00      
2.39187504e+02      2.93813962e+00      
2.39912502e+02      2.58729916e+00      
2.40637501e+02      2.49082829e+00      
2.41362499e+02      2.86601998e+00      
2.42087498e+02      4.25134914e+00      
2.42812496e+02      4.50636926e+00      
2.43537495e+02      4.15625829e+00      
2.44274994e+02      4.12000603e+00      
2.45024994e+02      3.39109801e+00      
2.45774994e+02      3.14864698e+00      
2.46524994e+02      3.11114663e+00      
2.47287495e+02      3.52240067e+00      
2.48062496e+02      3.19519376e+00      
2.48837498e+02      2.72212344e+00      
2.49612499e+02      3.77738616e+00      
2.50400000e+02      3.81166913e+00      
2.51199999e+02      3.27933751e+00      
2.51999998e+02      2.61540912e+00      
2.52799997e+02      2.68816561e+00      
2.53599997e+02      3.33593617e+00      
2.54399996e+02      3.68737167e+00      
2.55199995e+02      4.53258673e+00      
2.55999994e+02      5.50533075e+00      
2.56812496e+02      7.14711263e+00      
2.57637501e+02      7.79471184e+00      
2.58462505e+02      7.95318109e+00      
2.59287510e+02      7.49342490e+00      
2.60137512e+02      5.64574300e+00      
2.61012512e+02      5.10857872e+00      
2.61887512e+02      6.34160407e+00      
2.62762512e+02      6.54354703e+00      
2.63637512e+02      1.13528376e+01      
2.64512512e+02      1.59345833e+01      
2.65387512e+02      1.59161984e+01      
2.66262512e+02      1.61642054e+01      
2.67150009e+02      1.58313607e+01      
2.68050003e+02      1.59442620e+01      
2.68949997e+02      1.53135590e+01      
2.69849991e+02      1.59220103e+01      
2.70762489e+02      1.69755046e+01      
2.71687492e+02      1.35309834e+01      
2.72612495e+02      1.29608344e+01      
2.73537498e+02      1.31602251e+01      
2.74125601e+02      9.43650872e+00      
2.74376802e+02      8.00651511e+00      
2.74628003e+02      8.59908527e+00      
2.74879204e+02      8.22540461e+00      
2.75354202e+02      1.08317257e+01      
2.76052998e+02      1.42147521e+01      
2.76751794e+02      1.60999397e+01      
2.77450590e+02      1.55699016e+01      
2.78287491e+02      1.10245962e+01      
2.79262497e+02      6.61095619e+00      
2.80237503e+02      5.21549117e+00      
2.81212509e+02      1.09990565e+01      
2.82113240e+02      1.72358589e+01      
2.82939697e+02      2.00013415e+01      
2.83766153e+02      1.97800037e+01      
2.84592609e+02      1.58395619e+01      
2.85092609e+02      9.55897380e+00      
2.85266153e+02      7.06034926e+00      
2.85439697e+02      7.81556489e+00      
2.85613240e+02      1.16495640e+01      
2.86225010e+02      1.97613185e+01      
2.87275005e+02      2.24413884e+01      
2.88325001e+02      1.96144278e+01      
2.89374996e+02      2.83683702e+01      
2.90424995e+02      3.81588688e+01      
2.91474998e+02      3.68951770e+01      
2.92525002e+02      3.27258795e+01      
2.93575005e+02      3.42034461e+01      
2.94650005e+02      3.22834717e+01      
2.95750004e+02      3.57677286e+01      
2.96850002e+02      2.98022801e+01      
2.97950001e+02      3.27595075e+01      
2.99062500e+02      3.02302442e+01      
3.00187500e+02      2.77750837e+01      
3.01312500e+02      2.94630353e+01      
3.02437500e+02      3.00716625e+01      
3.03513304e+02      3.97091002e+01      
3.04539913e+02      3.81941717e+01      
3.05566522e+02      3.75776628e+01      
3.06593131e+02      3.58232943e+01      
3.07180632e+02      3.94388694e+01      
3.07329027e+02      3.98668446e+01      
3.07477421e+02      4.04305951e+01      
3.07625815e+02      3.95844095e+01      
3.08300011e+02      3.99902187e+01      
3.09500008e+02      3.23471732e+01      
3.10700005e+02      4.27660536e+01      
3.11900002e+02      4.40442692e+01      
3.13125000e+02      4.34361447e+01      
3.14375000e+02      4.32117148e+01      
3.15625000e+02      3.93660131e+01      
3.16875000e+02      4.56306312e+01      
3.18125000e+02      4.38427887e+01      
3.19375000e+02      4.49639218e+01      
3.20625000e+02      5.00627527e+01      
3.21875000e+02      4.47264877e+01      
3.23125000e+02      4.11271794e+01      
3.24375000e+02      4.80776160e+01      
3.25625000e+02      5.73988996e+01      
3.26875000e+02      6.18552216e+01      
3.27713409e+02      6.05280134e+01      
3.28140227e+02      5.83251060e+01      
3.28567045e+02      5.81718153e+01      
3.28993862e+02      6.23097536e+01      
3.29618862e+02      6.93721648e+01      
3.30442045e+02      6.49062489e+01      
3.31265227e+02      6.15199523e+01      
3.32088409e+02      6.13168740e+01      
3.33125000e+02      5.95990168e+01      
3.34375000e+02      6.07709602e+01      
3.35625000e+02      5.84026315e+01      
3.36875000e+02      5.15300678e+01      
3.37962972e+02      5.70576289e+01      
3.38888917e+02      6.05484254e+01      
3.39814862e+02      6.38387042e+01      
3.40740807e+02      6.27582794e+01      
3.41365807e+02      5.86654223e+01      
3.41689862e+02      5.76530526e+01      
3.42013917e+02      6.39611358e+01      
3.42337972e+02      6.24377955e+01      
3.42812500e+02      6.48719563e+01      
3.43437500e+02      6.34709102e+01      
3.44062500e+02      5.09762302e+01      
3.44687500e+02      5.58959589e+01      
3.46250000e+02      5.96640503e+01      
3.48750000e+02      5.72048974e+01      
3.51250000e+02      6.41820396e+01      
3.53750000e+02      6.63831582e+01      
3.56250000e+02      6.09109559e+01      
3.58750000e+02      5.44770515e+01      
3.61250000e+02      6.00889193e+01      
3.63750000e+02      6.54799141e+01      
3.66250000e+02      7.67735212e+01      
3.68750000e+02      7.48115320e+01      
3.71250000e+02      7.29981603e+01      
3.73750000e+02      6.11649141e+01      
3.76250000e+02      7.00053553e+01      
3.78750000e+02      7.81402987e+01      
3.81250000e+02      6.91359603e+01      
3.83750000e+02      4.94319758e+01      
3.85625050e+02      6.35858645e+01      
3.86875151e+02      6.43980383e+01      
3.88125252e+02      6.35454411e+01      
3.89375353e+02      7.12912496e+01      
3.90625353e+02      7.82070636e+01      
3.91875252e+02      7.74546625e+01      
3.93125151e+02      4.55006365e+01      
3.94375050e+02      6.39178275e+01      
3.96250000e+02      6.06250404e+01      
3.98750000e+02      9.16353238e+01      
4.01250000e+02      1.07706092e+02      
4.03750000e+02      1.06551706e+02      
4.06250000e+02      1.02816365e+02      
4.08750000e+02      1.05513947e+02      
4.11250000e+02      1.05996907e+02      
4.13750000e+02      1.09534890e+02      
4.16250000e+02      1.10160822e+02      
4.18750000e+02      1.07548952e+02      
4.21250000e+02      1.10414124e+02      
4.23750000e+02      1.06540875e+02      
4.26250000e+02      1.05971916e+02      
4.28750000e+02      9.98827498e+01      
4.31250000e+02      9.10267701e+01      
4.33750000e+02      1.01830072e+02      
4.36250000e+02      1.11912475e+02      
4.38750000e+02      1.08944521e+02      
4.41250000e+02      1.17402094e+02      
4.43750000e+02      1.21701547e+02      
4.45625561e+02      1.16965652e+02      
4.46876683e+02      1.21929502e+02      
4.48127805e+02      1.25881625e+02      
4.49378927e+02      1.26001322e+02      
4.50628927e+02      1.33329099e+02      
4.51877805e+02      1.31323286e+02      
4.53126683e+02      1.18991450e+02      
4.54375561e+02      1.28519320e+02      
4.56250000e+02      1.30019428e+02      
4.58750000e+02      1.28633972e+02      
4.61250000e+02      1.29661129e+02      
4.63750000e+02      1.29227908e+02      
4.66250000e+02      1.25384286e+02      
4.68750000e+02      1.26647709e+02      
4.71250000e+02      1.24722696e+02      
4.73750000e+02      1.28767156e+02      
4.76250000e+02      1.28246177e+02      
4.78750000e+02      1.30330807e+02      
4.81250000e+02      1.30392445e+02      
4.83750000e+02      1.27326346e+02      
4.86250000e+02      1.10613976e+02      
4.88750000e+02      1.21926048e+02      
4.91250000e+02      1.22554901e+02      
4.93750000e+02      1.23625883e+02      
4.96250000e+02      1.24884830e+02      
4.98750000e+02      1.21853871e+02      
5.01250000e+02      1.15319492e+02      
5.03750000e+02      1.19832795e+02      
5.06250000e+02      1.22250546e+02      
5.08750000e+02      1.16141852e+02      
5.11250000e+02      1.20551010e+02      
5.13750000e+02      1.14108063e+02      
5.16250000e+02      1.08469340e+02      
5.18750000e+02      1.08693777e+02      
5.21250000e+02      1.16217308e+02      
5.23750000e+02      1.14800191e+02      
5.26250000e+02      1.11762978e+02      
5.28750000e+02      1.17287578e+02      
5.31250000e+02      1.19295636e+02      
5.33750000e+02      1.13360745e+02      
5.35626888e+02      1.19204392e+02      
5.36880663e+02      1.15514308e+02      
5.38134438e+02      1.17766608e+02      
5.39388214e+02      1.15569447e+02      
5.40638214e+02      1.10641082e+02      
5.41884438e+02      1.15844072e+02      
5.43130663e+02      1.13926868e+02      
5.44376888e+02      1.17407457e+02      
5.45563869e+02      1.17882154e+02      
5.46691608e+02      1.18213609e+02      
5.47819347e+02      1.15402076e+02      
5.48947086e+02      1.16711673e+02      
5.50197086e+02      1.17570470e+02      
5.51569347e+02      1.16584674e+02      
5.52941608e+02      1.15212766e+02      
5.54313869e+02      1.18130220e+02      
5.56250000e+02      1.15481212e+02      
5.58750000e+02      1.11764991e+02      
5.61250000e+02      1.12737454e+02      
5.63750000e+02      1.15127512e+02      
5.65200540e+02      1.13747744e+02      
5.65601619e+02      1.11771543e+02      
5.66002698e+02      1.06698003e+02      
5.66403777e+02      1.11541942e+02      
5.67653777e+02      1.13691086e+02      
5.69752698e+02      1.11841739e+02      
5.71851619e+02      1.12109714e+02      
5.73950540e+02      1.15435919e+02      
5.76250000e+02      1.12851672e+02      
5.78750000e+02      1.11933394e+02      
5.81250000e+02      1.13304403e+02      
5.83750000e+02      1.13933668e+02      
5.86250000e+02      1.11005197e+02      
5.88750000e+02      1.05655172e+02      
5.91250000e+02      1.10778472e+02      
5.93750000e+02      1.10278108e+02      
5.96250000e+02      1.09730670e+02      
5.98750000e+02      1.08688817e+02      
6.01250000e+02      1.06799400e+02      
6.03750000e+02      1.08227822e+02      
6.05004234e+02      1.09031203e+02      
6.05012703e+02      1.09224976e+02      
6.05021172e+02      1.09246969e+02      
6.05029640e+02      1.08635628e+02      
6.06279640e+02      1.08478355e+02      
6.08771172e+02      1.07565691e+02      
6.11262703e+02      1.06467501e+02      
6.13754234e+02      1.04448339e+02      
6.16250000e+02      1.02656517e+02      
6.18750000e+02      1.04912904e+02      
6.21250000e+02      1.04868830e+02      
6.23750000e+02      1.02052928e+02      
6.26250000e+02      1.02759752e+02      
6.28750000e+02      1.04108137e+02      
6.31250000e+02      1.01481768e+02      
6.33750000e+02      1.01873411e+02      
6.36250000e+02      1.01432933e+02      
6.38750000e+02      1.01548958e+02      
6.41250000e+02      9.91783727e+01      
6.43750000e+02      1.00349522e+02      
6.46250000e+02      9.88752519e+01      
6.48750000e+02      9.80557882e+01      
6.51250000e+02      9.88944877e+01      
6.53750000e+02      9.75042021e+01      
6.56250000e+02      8.64983272e+01      
6.58750000e+02      9.47774917e+01      
6.61250000e+02      9.64727469e+01      
6.63750000e+02      9.46651018e+01      
6.65208336e+02      9.46767535e+01      
6.65625007e+02      9.52047486e+01      
6.66041679e+02      9.48074054e+01      
6.66458351e+02      9.28676481e+01      
6.67708351e+02      9.47456222e+01      
6.69791679e+02      9.54352005e+01      
6.71875007e+02      9.50993023e+01      
6.73958336e+02      9.52296360e+01      
6.76250000e+02      9.41718607e+01      
6.78750000e+02      9.30386510e+01      
6.81250000e+02      9.23176135e+01      
6.83750000e+02      9.18372098e+01      
6.85760623e+02      9.23329257e+01      
6.87281868e+02      9.31711855e+01      
6.88803113e+02      9.19250879e+01      
6.90324358e+02      9.12687930e+01      
6.91574358e+02      9.01507732e+01      
6.92553113e+02      8.99733815e+01      
6.93531868e+02      9.00858777e+01      
6.94510623e+02      9.02541310e+01      
6.96250000e+02      9.10444836e+01      
6.98750000e+02      9.01514609e+01      
7.01250000e+02      8.88433330e+01      
7.03750000e+02      8.95943205e+01      
7.06250000e+02      8.90049320e+01      
7.08750000e+02      8.80447729e+01      
7.11250000e+02      8.69199750e+01      
7.13750000e+02      8.57079388e+01      
7.16250000e+02      8.49934172e+01      
7.18750000e+02      8.39638104e+01      
7.21250000e+02      8.40999482e+01      
7.23750000e+02      8.39645074e+01      
7.26250000e+02      8.34751278e+01      
7.28750000e+02      8.17382474e+01      
7.31250000e+02      8.24013443e+01      
7.33750000e+02      8.23254405e+01      
7.36250000e+02      8.15290691e+01      
7.38750000e+02      8.00814138e+01      
7.41250000e+02      7.92053293e+01      
7.43750000e+02      8.01911223e+01      
7.45859962e+02      8.00498455e+01      
7.47579885e+02      8.03399138e+01      
7.49299808e+02      7.91130675e+01      
7.51019731e+02      7.88502994e+01      
7.52269731e+02      7.88328057e+01      
7.53049808e+02      7.90330389e+01      
7.53829885e+02      7.94223021e+01      
7.54609962e+02      7.90390463e+01      
7.56250000e+02      7.86909332e+01      
7.58750000e+02      7.79484239e+01      
7.61250000e+02      7.65771016e+01      
7.63750000e+02      7.72532895e+01      
7.66250000e+02      7.46785395e+01      
7.68750000e+02      7.56838060e+01      
7.71250000e+02      7.48404916e+01      
7.73750000e+02      7.47124159e+01      
7.75857604e+02      7.37531303e+01      
7.77572811e+02      7.34535575e+01      
7.79288018e+02      7.32230600e+01      
7.81003225e+02      7.29538000e+01      
7.82253225e+02      7.35963829e+01      
7.83038018e+02      7.24676927e+01      
7.83822811e+02      7.17522817e+01      
7.84607604e+02      7.26742754e+01      
7.86250000e+02      7.19908540e+01      
7.88750000e+02      7.23510808e+01      
7.91250000e+02      7.15619251e+01      
7.93750000e+02      6.95278654e+01      
7.96250000e+02      7.10202406e+01      
7.98750000e+02      7.04274778e+01      
8.01250000e+02      7.00663766e+01      
8.03750000e+02      6.95357218e+01      
8.06250000e+02      6.94489587e+01      
8.08750000e+02      6.87419761e+01      
8.11250000e+02      6.92326379e+01      
8.13750000e+02      6.93329177e+01      
8.16250000e+02      6.86006505e+01      
8.18750000e+02      6.67459641e+01      
8.21250000e+02      6.61161292e+01      
8.23750000e+02      6.68969974e+01      
8.26250000e+02      6.68578589e+01      
8.28750000e+02      6.62070943e+01      
8.31250000e+02      6.59148985e+01      
8.33750000e+02      6.38194277e+01      
8.35932497e+02      6.51598268e+01      
8.37797491e+02      6.45433758e+01      
8.39662485e+02      6.41894200e+01      
8.41527480e+02      6.43431031e+01      
8.42777480e+02      6.29440835e+01      
8.43412485e+02      6.25428963e+01      
8.44047491e+02      6.21312309e+01      
8.44682497e+02      6.39611618e+01      
8.46250000e+02      6.33536887e+01      
8.48750000e+02      6.12030023e+01      
8.51250000e+02      5.96505161e+01      
8.53750000e+02      5.32074852e+01      
8.56250000e+02      6.04953042e+01      
8.58750000e+02      6.08672295e+01      
8.61250000e+02      6.12221487e+01      
8.63750000e+02      6.20449448e+01      
8.66250000e+02      5.63093960e+01      
8.68750000e+02      6.06847283e+01      
8.71250000e+02      6.18802852e+01      
8.73750000e+02      6.06925784e+01      
8.76250000e+02      5.94315753e+01      
8.78750000e+02      5.97536875e+01      
8.81250000e+02      5.82728603e+01      
8.83750000e+02      5.85191459e+01      
8.85783196e+02      5.79444253e+01      
8.87349589e+02      5.70305360e+01      
8.88915982e+02      5.82252829e+01      
8.90482375e+02      5.84139704e+01      
8.91732375e+02      5.76698097e+01      
8.92665982e+02      5.62691925e+01      
8.93599589e+02      5.73279301e+01      
8.94533196e+02      5.61898044e+01      
8.96250000e+02      5.71481925e+01      
8.98750000e+02      5.66298358e+01      
9.01250000e+02      5.39348698e+01      
9.03750000e+02      5.62724207e+01      
9.06250000e+02      5.56597798e+01      
9.08750000e+02      5.41195808e+01      
9.11250000e+02      5.42970930e+01      
9.13750000e+02      5.51176948e+01      
9.16250000e+02      5.43965322e+01      
9.18750000e+02      5.41600170e+01      
9.21250000e+02      5.27009646e+01      
9.23750000e+02      5.15397226e+01      
9.26250000e+02      5.22467101e+01      
9.28750000e+02      5.30013584e+01      
9.31250000e+02      5.28304541e+01      
9.33750000e+02      5.27237075e+01      
9.36250000e+02      5.19626121e+01      
9.38750000e+02      5.19418858e+01      
9.41250000e+02      4.99700864e+01      
9.43750000e+02      5.06854429e+01      
9.46250000e+02      5.09407691e+01      
9.48750000e+02      5.10465845e+01      
9.51250000e+02      5.04801038e+01      
9.53750000e+02      4.93851164e+01      
9.55817304e+02      4.85482434e+01      
9.57451913e+02      4.94085028e+01      
9.59086521e+02      4.99039174e+01      
9.60721130e+02      4.90484174e+01      
9.61971130e+02      4.94644902e+01      
9.62836521e+02      4.86133081e+01      
9.63701913e+02      4.86110514e+01      
9.64567304e+02      4.88330660e+01      
9.66250000e+02      4.83110119e+01      
9.68750000e+02      4.84197425e+01      
9.71250000e+02      4.83127507e+01      
9.73750000e+02      4.75929615e+01      
9.76250000e+02      4.76004781e+01      
9.78750000e+02      4.73044325e+01      
9.81250000e+02      4.73487869e+01      
9.83750000e+02      4.69743968e+01      
9.86250000e+02      4.66945689e+01      
9.88750000e+02      4.62343202e+01      
9.91250000e+02      4.61260380e+01      
9.93750000e+02      4.61468650e+01      
9.96250000e+02      4.58978197e+01      
9.98750000e+02      4.56177305e+01      
1.00125000e+03      4.54987017e+01      
1.00375000e+03      4.43689077e+01      
1.00625000e+03      4.34058877e+01      
1.00875000e+03      4.46593265e+01      
1.01125000e+03      4.44391055e+01      
1.01375000e+03      4.40427346e+01      
1.01625000e+03      4.36307777e+01      
1.01875000e+03      4.31981017e+01      
1.02125000e+03      4.30779673e+01      
1.02375000e+03      4.33550862e+01      
1.02625000e+03      4.31541858e+01      
1.02875000e+03      4.28009904e+01      
1.03125000e+03      4.25924817e+01      
1.03375000e+03      4.18463537e+01      
1.03515868e+03      4.15753314e+01      
1.03547603e+03      4.21009380e+01      
1.03579339e+03      4.21807683e+01      
1.03611075e+03      4.22153412e+01      
1.03736075e+03      4.14709224e+01      
1.03954339e+03      4.16392211e+01      
1.04172603e+03      4.15509439e+01      
1.04390868e+03      4.13949200e+01      
1.04625000e+03      4.06692222e+01      
1.04875000e+03      4.10972210e+01      
1.05125000e+03      4.08291429e+01      
1.05375000e+03      4.05882112e+01      
1.05625000e+03      4.06317265e+01      
1.05875000e+03      3.98043708e+01      
1.06125000e+03      3.97280813e+01      
1.06375000e+03      3.97836729e+01      
1.06556484e+03      3.98337047e+01      
1.06669451e+03      3.89905965e+01      
1.06782418e+03      3.95566118e+01      
1.06895385e+03      3.75024494e+01      
1.07020385e+03      3.88715144e+01      
1.07157418e+03      3.91716944e+01      
1.07294451e+03      3.83989621e+01      
1.07431484e+03      3.87703730e+01      
1.07625000e+03      3.87971338e+01      
1.07875000e+03      3.84679016e+01      
1.08125000e+03      3.79845085e+01      
1.08375000e+03      3.77401889e+01      
1.08687500e+03      3.75623153e+01      
1.09062500e+03      3.76521774e+01      
1.09437500e+03      3.59347597e+01      
1.09812500e+03      3.64451987e+01      
1.10374294e+03      3.63954754e+01      
1.11122881e+03      3.60530640e+01      
1.11871468e+03      3.54665490e+01      
1.12620055e+03      3.46781896e+01      
1.13903128e+03      3.38385605e+01      
1.15720685e+03      3.28938230e+01      
1.17538242e+03      3.17839048e+01      
1.19355799e+03      3.06608453e+01      
1.21571375e+03      2.96323576e+01      
1.24184971e+03      2.83828288e+01      
1.26798566e+03      2.72703638e+01      
1.29412161e+03      2.59215546e+01      
1.32261778e+03      2.48360788e+01      
1.35347418e+03      2.36919094e+01      
1.38433059e+03      2.25898760e+01      
1.41518699e+03      2.14017572e+01      
1.44740644e+03      2.03963466e+01      
1.48098895e+03      1.93016970e+01      
1.51457146e+03      1.82052107e+01      
1.54815397e+03      1.72766038e+01      
1.58029753e+03      1.62130322e+01      
1.61100215e+03      1.54522705e+01      
1.64170676e+03      1.45825500e+01      
1.67241138e+03      1.37194257e+01      
1.70956790e+03      1.29217957e+01      
1.75317633e+03      1.18150259e+01      
1.79678476e+03      1.09054378e+01      
1.84039319e+03      1.01033749e+01      
1.88194796e+03      9.25220741e+00      
1.92144910e+03      8.70271043e+00      
1.96095023e+03      8.00866675e+00      
2.00045136e+03      7.50194419e+00      
2.04300708e+03      6.94729100e+00      
2.08861738e+03      6.44396933e+00      
2.13422769e+03      5.97902119e+00      
2.17983800e+03      5.46872819e+00      
2.23748645e+03      4.97417076e+00      
2.30717304e+03      4.42437465e+00      
2.37685964e+03      3.91770008e+00      
2.44654623e+03      3.54382911e+00      
2.50366265e+03      3.27359813e+00      
2.54820889e+03      3.06950203e+00      
2.59275514e+03      2.89119123e+00      
2.63730139e+03      2.71747061e+00      
2.69209120e+03      2.53103516e+00      
2.75712457e+03      2.33776746e+00      
2.82215795e+03      2.15458310e+00      
2.88719133e+03      1.99175568e+00      
2.94894192e+03      1.84845259e+00      
3.00740972e+03      1.72361378e+00      
3.06587753e+03      1.61019492e+00      
3.12434533e+03      1.51361067e+00      
3.16430572e+03      1.44616497e+00      
3.18575868e+03      1.40461446e+00      
3.20721164e+03      1.37186408e+00      
3.22866461e+03      1.34065349e+00      
3.24919847e+03      1.30896982e+00      
3.26881322e+03      1.28165564e+00      
3.28842798e+03      1.25523744e+00      
3.30804273e+03      1.22717266e+00      
3.32814434e+03      1.20228205e+00      
3.34873280e+03      1.17541810e+00      
3.36932126e+03      1.14965446e+00      
3.38990971e+03      1.12581770e+00      
3.41102225e+03      1.09974873e+00      
3.43265885e+03      1.07540870e+00      
3.45429546e+03      1.05223541e+00      
3.47593206e+03      1.02797125e+00      
3.49797380e+03      1.00467323e+00      
3.52042067e+03      9.82557333e-01      
3.54286754e+03      9.60315745e-01      
3.56531441e+03      9.37503335e-01      
3.58902943e+03      9.15794032e-01      
3.61401260e+03      8.93575959e-01      
3.63899577e+03      8.71747446e-01      
3.66397893e+03      8.50419250e-01      
3.68950149e+03      8.28582690e-01      
3.71556345e+03      8.07918703e-01      
3.74162540e+03      7.87759457e-01      
3.76768735e+03      7.65895478e-01      
3.80933142e+03      7.35164448e-01      
3.86655760e+03      6.99266060e-01      
3.92378378e+03      6.62805016e-01      
3.98100996e+03      6.30025560e-01      
4.02990538e+03      6.02263600e-01      
4.07047004e+03      5.79272956e-01      
4.11103469e+03      5.58936557e-01      
4.15159935e+03      5.35884921e-01      
4.21857828e+03      5.05478605e-01      
4.31197149e+03      4.69015442e-01      
4.40536469e+03      4.33447045e-01      
4.49875790e+03      4.01474069e-01      
4.58702880e+03      3.73619744e-01      
4.67017740e+03      3.49172483e-01      
4.75332600e+03      3.27106008e-01      
4.83647460e+03      3.07133649e-01      
4.90931845e+03      2.90636024e-01      
4.97185755e+03      2.76535540e-01      
5.03439665e+03      2.64069420e-01      
5.09693575e+03      2.51969373e-01      
5.16285533e+03      2.40122657e-01      
5.23215538e+03      2.28624751e-01      
5.30145544e+03      2.17609026e-01      
5.37075549e+03      2.07128870e-01      
5.44401556e+03      1.96941521e-01      
5.52123564e+03      1.86789109e-01      
5.59845573e+03      1.77331826e-01      
5.67567581e+03      1.68338596e-01      
5.75757587e+03      1.59486554e-01      
5.84415591e+03      1.50866850e-01      
5.93073595e+03      1.42723564e-01      
6.01731598e+03      1.34989056e-01      
6.10948187e+03      1.27447962e-01      
6.20723361e+03      1.20108942e-01      
6.30498534e+03      1.13223917e-01      
6.40273708e+03      1.06715729e-01      
6.50723028e+03      1.00366516e-01      
6.61846495e+03      9.41738336e-02      
6.72969961e+03      8.84283086e-02      
6.84093428e+03      8.29415235e-02      
6.96040857e+03      7.76758335e-02      
7.08812249e+03      7.25633250e-02      
7.21583641e+03      6.77790869e-02      
7.34355032e+03      6.34423274e-02      
7.46187353e+03      5.96925071e-02      
7.57080603e+03      5.64085315e-02      
7.67973852e+03      5.34144013e-02      
7.78867102e+03      5.05644594e-02      
7.90441173e+03      4.77777724e-02      
8.02696067e+03      4.50716659e-02      
8.14950961e+03      4.25294060e-02      
8.27205855e+03      4.00367068e-02      
8.41982520e+03      3.74164066e-02      
8.59280956e+03      3.47119223e-02      
8.76579392e+03      3.21291962e-02      
8.93877828e+03      2.99401879e-02      
9.07082057e+03      2.82862586e-02      
9.16192079e+03      2.70955196e-02      
9.25302100e+03      2.60757165e-02      
9.34412122e+03      2.50354378e-02      
9.46596241e+03      2.38169967e-02      
9.61854458e+03      2.24603503e-02      
9.77112675e+03      2.11371152e-02      
9.92370892e+03      1.99021780e-02      
1.00797873e+04      1.87282807e-02      
1.02393618e+04      1.76296486e-02      
1.03989363e+04      1.66061506e-02      
1.05585108e+04      1.56291444e-02      
1.07370822e+04      1.46436020e-02      
1.09346507e+04      1.36689473e-02      
1.11322191e+04      1.27531209e-02      
1.13297875e+04      1.18706607e-02      
1.15625002e+04      1.09710350e-02      
1.18303573e+04      1.00669179e-02      
1.20982144e+04      9.22537563e-03      
1.23660715e+04      8.44589895e-03      
1.26736112e+04      7.67656075e-03      
1.30208335e+04      6.92852986e-03      
1.33680558e+04      6.25305107e-03      
1.37152781e+04      5.67001498e-03      
1.40268412e+04      5.19439623e-03      
1.43027449e+04      4.79998780e-03      
1.45786486e+04      4.45474316e-03      
1.48545523e+04      4.13590491e-03      
1.51443729e+04      3.83507696e-03      
1.54481106e+04      3.55198373e-03      
1.57518482e+04      3.28952771e-03      
1.60555859e+04      3.03164932e-03      
1.64751008e+04      2.74146395e-03      
1.70103929e+04      2.43470246e-03      
1.75456851e+04      2.15601353e-03      
1.80809772e+04      1.91970872e-03      
1.85802979e+04      1.72439605e-03      
1.90436473e+04      1.56186589e-03      
1.95069966e+04      1.42143217e-03      
1.99703460e+04      1.29015925e-03      
2.05176771e+04      1.16030569e-03      
2.11489899e+04      1.03403482e-03      
2.17803028e+04      9.20887033e-04      
2.24116156e+04      8.17950726e-04      
2.31758368e+04      7.17061494e-04      
2.40729663e+04      6.20746316e-04      
2.49700959e+04      5.37157251e-04      
2.58672254e+04      4.66388625e-04      
2.68141952e+04      4.04703141e-04      
2.78110051e+04      3.50849845e-04      
2.88078151e+04      3.05289649e-04      
2.98046250e+04      2.65254195e-04      
3.09794371e+04      2.27746595e-04      
3.23322513e+04      1.93399532e-04      
3.36850655e+04      1.64383990e-04      
3.50378797e+04      1.38570166e-04      
3.69318190e+04      1.12659336e-04      
3.93668833e+04      8.87707396e-05      
4.18019476e+04      6.99157606e-05      
4.42370119e+04      5.47567555e-05      
4.75852261e+04      4.11025498e-05      
5.18465900e+04      2.98031907e-05      
5.61079540e+04      2.17520030e-05      
6.03693180e+04      1.56211568e-05      
6.71875000e+04      1.02969793e-05      
7.65625000e+04      6.35967059e-06      
8.59375000e+04      4.00344234e-06      
9.53125000e+04      2.76907780e-06      
1.00000000e+05      1.22193960e-06      
