Wavelength(nm)      SolarFlux(mW/m^2/nm)
1.00000000e+00      1.67902618e-03      
1.37500000e+00      1.34317166e-03      
2.12500000e+00      1.29011995e-02      
2.87500000e+00      1.65151058e-02      
3.62500000e+00      1.21848906e-02      
4.12500000e+00      1.53011342e-02      
4.37500000e+00      1.68592561e-02      
4.62500000e+00      1.68592561e-02      
4.87500000e+00      1.68592561e-02      
5.12500000e+00      2.89776164e-02      
5.37500000e+00      2.89776164e-02      
5.62500000e+00      2.89776164e-02      
5.87500000e+00      2.89776164e-02      
6.12500000e+00      2.57743085e-02      
6.37500000e+00      2.57743085e-02      
6.62500000e+00      2.57743085e-02      
6.87500000e+00      2.57743085e-02      
7.12500000e+00      2.70556317e-02      
7.37500000e+00      2.70556317e-02      
7.62500000e+00      2.70556317e-02      
7.87500000e+00      2.70556317e-02      
8.12500000e+00      1.64871795e-02      
8.37500000e+00      1.64871795e-02      
8.62500000e+00      1.64871795e-02      
8.87500000e+00      1.64871795e-02      
9.12500000e+00      1.85027995e-02      
9.37500000e+00      1.85027995e-02      
9.62500000e+00      1.85027995e-02      
9.87500000e+00      1.85027995e-02      
1.01250000e+01      6.42632854e-03      
1.03750000e+01      6.42632854e-03      
1.06250000e+01      6.42632854e-03      
1.08750000e+01      6.42632854e-03      
1.11250000e+01      4.60537118e-03      
1.13750000e+01      4.60537118e-03      
1.16250000e+01      4.60537118e-03      
1.18750000e+01      4.60537118e-03      
1.21000000e+01      2.98661346e-03      
1.23000001e+01      2.88544123e-03      
1.25000001e+01      2.88544123e-03      
1.27000002e+01      2.88544123e-03      
1.31125002e+01      2.80267175e-03      
1.37375002e+01      3.26934721e-03      
1.43625002e+01      8.84605807e-03      
1.49875002e+01      9.70195036e-03      
1.55875002e+01      1.06694795e-02      
1.61625003e+01      1.36739483e-02      
1.67375003e+01      1.66739429e-02      
1.73125004e+01      6.43125671e-02      
1.79625003e+01      4.90881033e-02      
1.86875002e+01      3.21732775e-02      
1.94125001e+01      3.30679942e-02      
2.01375000e+01      2.14589340e-02      
2.08250000e+01      1.52144457e-02      
2.14750001e+01      1.23894095e-02      
2.21250002e+01      1.58575133e-02      
2.27750003e+01      1.52502482e-02      
2.35875003e+01      9.83857088e-03      
2.45625002e+01      2.26715254e-02      
2.55375001e+01      3.56274159e-02      
2.65125000e+01      1.20961836e-02      
2.71250000e+01      1.74128894e-02      
2.73750000e+01      2.12675006e-02      
2.76250000e+01      2.12675006e-02      
2.78750000e+01      2.22181439e-02      
2.82500000e+01      2.60207168e-02      
2.87500000e+01      2.60207168e-02      
2.92500000e+01      7.44399483e-03      
2.97500000e+01      7.44399483e-03      
3.02500000e+01      1.57947722e-01      
3.07500000e+01      1.57947722e-01      
3.12500000e+01      3.06778337e-02      
3.17500000e+01      3.06778337e-02      
3.22500000e+01      4.26039956e-02      
3.27500000e+01      4.26039956e-02      
3.32500000e+01      4.18401298e-02      
3.37500000e+01      4.18401298e-02      
3.42500000e+01      1.78892428e-02      
3.47500000e+01      1.78892428e-02      
3.52500000e+01      1.53906626e-02      
3.57500000e+01      1.53906626e-02      
3.61250000e+01      1.97649028e-02      
3.63750000e+01      2.08584628e-02      
3.66250000e+01      2.08584628e-02      
3.68750000e+01      1.50522619e-02      
3.73750000e+01      3.43985991e-03      
3.81250000e+01      2.12995337e-03      
3.88750000e+01      1.47204320e-03      
3.96250000e+01      1.46612940e-03      
4.03750000e+01      2.45890845e-03      
4.11250000e+01      4.03608586e-03      
4.18750000e+01      3.61423485e-03      
4.26250000e+01      1.19335541e-03      
4.33750000e+01      2.78194974e-03      
4.41250000e+01      1.65504243e-03      
4.48750000e+01      1.13487451e-03      
4.56250000e+01      1.22144596e-03      
4.62500000e+01      4.06072670e-03      
4.67500000e+01      4.41563679e-03      
4.72500000e+01      1.75344148e-03      
4.77500000e+01      1.75344148e-03      
4.82500000e+01      2.91993839e-03      
4.87500000e+01      2.91993839e-03      
4.92500000e+01      1.03959663e-02      
4.97500000e+01      1.03959663e-02      
5.02500000e+01      4.23575873e-03      
5.07500000e+01      4.23575873e-03      
5.12500000e+01      1.45159131e-03      
5.17500000e+01      1.45159131e-03      
5.22500000e+01      2.55771818e-03      
5.27500000e+01      2.55771818e-03      
5.32500000e+01      1.88502352e-03      
5.37500000e+01      1.88502352e-03      
5.42500000e+01      1.21503934e-03      
5.47500000e+01      1.21503934e-03      
5.52500000e+01      5.44069533e-03      
5.57500000e+01      5.44069533e-03      
5.62500000e+01      1.65882069e-03      
5.67500000e+01      1.65882069e-03      
5.72500000e+01      1.65266049e-03      
5.77500000e+01      1.65266049e-03      
5.82500000e+01      9.36105143e-03      
5.87500000e+01      9.36105143e-03      
5.92500000e+01      1.95352503e-03      
5.97500000e+01      1.95352503e-03      
6.02500000e+01      8.03537476e-03      
6.07500000e+01      8.03537476e-03      
6.12500000e+01      2.44338473e-03      
6.17500000e+01      2.44338473e-03      
6.21250000e+01      8.97695016e-03      
6.23750000e+01      1.06103415e-02      
6.26250000e+01      1.06103415e-02      
6.28750000e+01      6.64809601e-03      
6.36250000e+01      2.16759224e-03      
6.48750000e+01      5.61268832e-04      
6.61250000e+01      4.50976476e-04      
6.73750000e+01      4.37621146e-04      
6.83750000e+01      1.36411636e-03      
6.91250000e+01      1.25676448e-03      
6.98750000e+01      1.73142901e-03      
7.06250000e+01      2.94211514e-03      
7.13750000e+01      1.28896183e-03      
7.21250000e+01      1.07836487e-03      
7.28750000e+01      1.07130116e-03      
7.36250000e+01      1.26777072e-03      
7.43750000e+01      1.56222864e-03      
7.51250000e+01      2.10646245e-03      
7.58750000e+01      3.58409090e-03      
7.66250000e+01      5.99511401e-03      
7.71250000e+01      5.68135410e-03      
7.73750000e+01      5.52447415e-03      
7.76250000e+01      5.52447415e-03      
7.78750000e+01      5.52447415e-03      
7.81250000e+01      7.69779538e-03      
7.83750000e+01      7.69779538e-03      
7.86250000e+01      7.69779538e-03      
7.88750000e+01      7.69779538e-03      
7.91250000e+01      3.59756122e-03      
7.93750000e+01      3.59756122e-03      
7.96250000e+01      3.59756122e-03      
7.98750000e+01      3.64027199e-03      
8.03750000e+01      3.72569354e-03      
8.11250000e+01      4.06409428e-03      
8.18750000e+01      4.90763203e-03      
8.26250000e+01      6.25630681e-03      
8.30749998e+01      8.43332071e-03      
8.32249994e+01      1.06103415e-02      
8.33749990e+01      1.06103415e-02      
8.35249987e+01      1.06103415e-02      
8.38999987e+01      9.44477419e-03      
8.44999990e+01      7.76925379e-03      
8.50999994e+01      8.35734734e-03      
8.56999998e+01      8.65139551e-03      
8.60625000e+01      8.91802183e-03      
8.61875000e+01      9.17131703e-03      
8.63125000e+01      9.17131703e-03      
8.64375000e+01      9.17131703e-03      
8.65625000e+01      9.17131703e-03      
8.66875000e+01      9.17131703e-03      
8.68125000e+01      9.17131703e-03      
8.69375000e+01      9.17131703e-03      
8.70625000e+01      1.09158878e-02      
8.71875000e+01      1.09158878e-02      
8.73125000e+01      1.09158878e-02      
8.74375000e+01      1.09158878e-02      
8.75625000e+01      1.09158878e-02      
8.76875000e+01      1.09158878e-02      
8.78125000e+01      1.09158878e-02      
8.79375000e+01      1.09158878e-02      
8.80625000e+01      1.24756524e-02      
8.81875000e+01      1.24756524e-02      
8.83125000e+01      1.24756524e-02      
8.84375000e+01      1.24756524e-02      
8.85625000e+01      1.24756524e-02      
8.86875000e+01      1.24756524e-02      
8.88125000e+01      1.24756524e-02      
8.89375000e+01      1.24756524e-02      
8.90625000e+01      1.51738233e-02      
8.91875000e+01      1.51738233e-02      
8.93125000e+01      1.51738233e-02      
8.94375000e+01      1.51738233e-02      
8.95625000e+01      1.51738233e-02      
8.96875000e+01      1.51738233e-02      
8.98125000e+01      1.51738233e-02      
8.99375000e+01      1.51738233e-02      
9.00625000e+01      1.78695301e-02      
9.01875000e+01      1.78695301e-02      
9.03125000e+01      1.78695301e-02      
9.04375000e+01      1.78695301e-02      
9.05749998e+01      1.78695301e-02      
9.07249994e+01      1.78695301e-02      
9.08749990e+01      1.78695301e-02      
9.10249987e+01      1.51897650e-02      
9.11499987e+01      1.36584122e-02      
9.12499990e+01      1.36584122e-02      
9.13499994e+01      1.36584122e-02      
9.14499998e+01      1.36584122e-02      
9.15625000e+01      1.36584122e-02      
9.16875000e+01      1.36584122e-02      
9.18125000e+01      1.36584122e-02      
9.19375000e+01      1.36584122e-02      
9.20375004e+01      6.13096324e-03      
9.21125011e+01      4.87642031e-03      
9.21875019e+01      4.87642031e-03      
9.22625027e+01      4.87642031e-03      
9.23500023e+01      4.87642031e-03      
9.24500008e+01      4.87642031e-03      
9.25499992e+01      4.87642031e-03      
9.26499977e+01      4.87642031e-03      
9.27374973e+01      4.87642031e-03      
9.28124981e+01      4.87642031e-03      
9.28874989e+01      4.87642031e-03      
9.29624996e+01      4.87642031e-03      
9.30375004e+01      4.26779181e-03      
9.31125011e+01      4.26779181e-03      
9.31875019e+01      4.26779181e-03      
9.32625027e+01      4.26779181e-03      
9.33625031e+01      4.26779181e-03      
9.34875031e+01      4.26779181e-03      
9.36125031e+01      4.26779181e-03      
9.37375031e+01      4.26779181e-03      
9.38500023e+01      4.26779181e-03      
9.39500008e+01      4.26779181e-03      
9.40499992e+01      3.04314254e-03      
9.41499977e+01      3.04314254e-03      
9.42749977e+01      3.04314254e-03      
9.44249992e+01      3.04314254e-03      
9.45750008e+01      3.04314254e-03      
9.47250023e+01      3.04314254e-03      
9.48375025e+01      3.04314254e-03      
9.49125013e+01      3.04314254e-03      
9.49875002e+01      2.61250296e-03      
9.50624990e+01      1.75122381e-03      
9.51374989e+01      1.75122381e-03      
9.52124996e+01      1.75122381e-03      
9.52875004e+01      1.75122381e-03      
9.53625011e+01      1.75122381e-03      
9.54250011e+01      1.75122381e-03      
9.54750004e+01      1.75122381e-03      
9.55249996e+01      1.75122381e-03      
9.55749989e+01      1.75122381e-03      
9.56124983e+01      1.75122381e-03      
9.56374979e+01      1.75122381e-03      
9.56624975e+01      1.75122381e-03      
9.56874971e+01      1.75122381e-03      
9.57499971e+01      1.75122381e-03      
9.58499975e+01      1.75122381e-03      
9.59499979e+01      1.75122381e-03      
9.60499983e+01      1.82095611e-03      
9.61624985e+01      1.82095736e-03      
9.62874985e+01      1.82095736e-03      
9.64124985e+01      1.82095736e-03      
9.65374985e+01      1.82095736e-03      
9.66124983e+01      1.82095736e-03      
9.66374979e+01      1.82095736e-03      
9.66624975e+01      1.82095736e-03      
9.66874971e+01      1.82095736e-03      
9.67499971e+01      1.82095736e-03      
9.68499975e+01      1.82095736e-03      
9.69499979e+01      1.82095736e-03      
9.70499983e+01      3.26977929e-02      
9.71499987e+01      3.26983818e-02      
9.72499990e+01      3.26983818e-02      
9.73499994e+01      3.26983818e-02      
9.74499998e+01      3.26983818e-02      
9.75625000e+01      3.26983818e-02      
9.76875000e+01      3.26983818e-02      
9.78125000e+01      3.26983818e-02      
9.79375000e+01      3.26983818e-02      
9.80625000e+01      3.70844496e-03      
9.81875000e+01      3.70844496e-03      
9.83125000e+01      3.70844496e-03      
9.84375000e+01      3.70844496e-03      
9.85124998e+01      3.70844496e-03      
9.85374994e+01      3.70844496e-03      
9.85624990e+01      3.70844496e-03      
9.85874987e+01      3.70844496e-03      
9.86249990e+01      3.70844496e-03      
9.86750002e+01      3.70844496e-03      
9.87250013e+01      3.70844496e-03      
9.87750025e+01      3.70844496e-03      
9.88375025e+01      3.70844496e-03      
9.89125013e+01      3.70844496e-03      
9.89875002e+01      4.37949690e-03      
9.90624990e+01      5.72160079e-03      
9.91249990e+01      5.72160079e-03      
9.91750002e+01      5.72160079e-03      
9.92250013e+01      5.72160079e-03      
9.92750025e+01      5.72160079e-03      
9.93875029e+01      5.72160079e-03      
9.95625025e+01      5.72160079e-03      
9.97375021e+01      5.72160079e-03      
9.99125017e+01      4.43566838e-03      
1.00300001e+02      2.31771650e-03      
1.00900002e+02      2.43796465e-03      
1.01500002e+02      2.67845825e-03      
1.02100002e+02      1.56452249e-02      
1.02475001e+02      2.46654711e-02      
1.02625001e+02      2.46654711e-02      
1.02775001e+02      2.46654711e-02      
1.02925000e+02      2.46654711e-02      
1.03062500e+02      2.54164303e-02      
1.03187500e+02      2.54539777e-02      
1.03312500e+02      2.54539777e-02      
1.03437500e+02      2.54539777e-02      
1.03625000e+02      2.54539777e-02      
1.03875000e+02      2.54539777e-02      
1.04125000e+02      3.69612454e-03      
1.04375000e+02      3.69612454e-03      
1.04650000e+02      3.69612454e-03      
1.04949999e+02      3.50721391e-03      
1.05249998e+02      3.12938545e-03      
1.05549997e+02      3.12938545e-03      
1.05862497e+02      3.11759759e-03      
1.06187498e+02      2.97907638e-03      
1.06512499e+02      2.97907638e-03      
1.06837500e+02      2.97907638e-03      
1.07125000e+02      3.14869686e-03      
1.07375000e+02      3.16141853e-03      
1.07625000e+02      3.16141853e-03      
1.07875000e+02      3.16141853e-03      
1.08125000e+02      5.30270668e-03      
1.08375000e+02      5.30270668e-03      
1.08625000e+02      5.30270668e-03      
1.08875000e+02      5.30270668e-03      
1.09125000e+02      3.56799223e-03      
1.09375000e+02      3.56799223e-03      
1.09625000e+02      3.56799223e-03      
1.09875000e+02      3.56799223e-03      
1.10125000e+02      3.80454420e-03      
1.10375000e+02      3.80454420e-03      
1.10625000e+02      3.80454420e-03      
1.10875000e+02      3.80454420e-03      
1.11013889e+02      3.68708892e-03      
1.11041667e+02      3.45218032e-03      
1.11069445e+02      3.45218032e-03      
1.11097223e+02      3.45218032e-03      
1.11222223e+02      3.45218032e-03      
1.11444445e+02      3.45218032e-03      
1.11666667e+02      3.45218032e-03      
1.11888889e+02      3.46308211e-03      
1.12125000e+02      3.81193645e-03      
1.12375000e+02      3.81193645e-03      
1.12625000e+02      3.81193645e-03      
1.12875000e+02      3.81193645e-03      
1.13125000e+02      2.93718697e-03      
1.13375000e+02      2.93718697e-03      
1.13625000e+02      2.93718697e-03      
1.13875000e+02      2.93718697e-03      
1.14125000e+02      1.98728296e-03      
1.14375000e+02      1.98728296e-03      
1.14625000e+02      1.98728296e-03      
1.14875000e+02      1.98728296e-03      
1.15087500e+02      3.14126706e-03      
1.15262499e+02      3.26491001e-03      
1.15437498e+02      3.26491001e-03      
1.15612497e+02      3.26491001e-03      
1.15774998e+02      3.26491001e-03      
1.15924999e+02      3.26491001e-03      
1.16075001e+02      3.69119638e-03      
1.16225002e+02      3.69119638e-03      
1.16387503e+02      3.69119638e-03      
1.16562502e+02      3.69119638e-03      
1.16737501e+02      3.69119638e-03      
1.16912500e+02      3.69119638e-03      
1.17075000e+02      1.54241801e-02      
1.17224999e+02      1.59130482e-02      
1.17374999e+02      1.59130482e-02      
1.17524999e+02      1.59130482e-02      
1.17687499e+02      1.59130482e-02      
1.17862500e+02      1.59130482e-02      
1.18037501e+02      7.51397196e-03      
1.18212502e+02      4.15444399e-03      
1.18387503e+02      4.15444399e-03      
1.18562502e+02      4.15444399e-03      
1.18737501e+02      4.15444399e-03      
1.18912500e+02      4.49144986e-03      
1.19100000e+02      1.39269973e-02      
1.19300001e+02      1.39269973e-02      
1.19500002e+02      1.39269973e-02      
1.19700003e+02      1.35712180e-02      
1.19887503e+02      1.51597441e-02      
1.20062502e+02      1.51537379e-02      
1.20237501e+02      1.36809684e-02      
1.20412500e+02      4.02287060e-02      
1.20587500e+02      1.01333608e-01      
1.20762499e+02      7.46586566e-02      
1.20937498e+02      2.72134972e-02      
1.21112497e+02      5.53807983e-02      
1.21299997e+02      1.39142664e+00      
1.21499998e+02      5.74189956e+00      
1.21699999e+02      3.79348512e+00      
1.21900000e+02      3.91453770e-01      
1.22087500e+02      3.74417605e-02      
1.22262499e+02      1.75464416e-02      
1.22437498e+02      1.26147264e-02      
1.22612497e+02      1.06293060e-02      
1.22799997e+02      9.90045856e-03      
1.22999998e+02      8.63816471e-03      
1.23199999e+02      7.66083710e-03      
1.23400000e+02      7.38255236e-03      
1.23587500e+02      8.45349494e-03      
1.23762499e+02      1.51850413e-02      
1.23937498e+02      1.62073726e-02      
1.24112497e+02      1.21399642e-02      
1.24299997e+02      1.15325825e-02      
1.24499998e+02      6.99495102e-03      
1.24699999e+02      5.73084164e-03      
1.24900000e+02      5.71759649e-03      
1.25100000e+02      5.91842062e-03      
1.25300001e+02      7.04543731e-03      
1.25500002e+02      7.59276187e-03      
1.25700003e+02      8.34957823e-03      
1.25900002e+02      1.29429575e-02      
1.26100001e+02      1.23434817e-02      
1.26300000e+02      1.22277040e-02      
1.26499999e+02      1.97484064e-02      
1.26699999e+02      1.01027924e-02      
1.26900000e+02      4.59705818e-03      
1.27100000e+02      4.30968111e-03      
1.27300001e+02      4.89583276e-03      
1.27500001e+02      7.01863959e-03      
1.27700000e+02      7.77757079e-03      
1.27899999e+02      7.23116614e-03      
1.28099998e+02      5.59749803e-03      
1.28299997e+02      3.86738877e-03      
1.28499998e+02      3.69396424e-03      
1.28699999e+02      5.35505399e-03      
1.28900000e+02      6.62144100e-03      
1.29112499e+02      4.79828106e-03      
1.29337498e+02      4.80658512e-03      
1.29562496e+02      6.58839712e-03      
1.29787495e+02      7.58085463e-03      
1.29999994e+02      2.06223359e-02      
1.30199995e+02      4.84495090e-02      
1.30399996e+02      7.04691562e-02      
1.30599997e+02      6.83198949e-02      
1.30812498e+02      2.32037796e-02      
1.31037500e+02      1.18136268e-02      
1.31262503e+02      7.25997546e-03      
1.31487505e+02      6.33138152e-03      
1.31700005e+02      7.72118127e-03      
1.31900002e+02      7.08977038e-03      
1.32099998e+02      5.04428876e-03      
1.32299995e+02      5.37474848e-03      
1.32512495e+02      5.44175751e-03      
1.32737497e+02      6.62698280e-03      
1.32962500e+02      7.95433210e-03      
1.33187502e+02      2.32416596e-02      
1.33412502e+02      1.30019511e-01      
1.33637501e+02      1.01804589e-01      
1.33862499e+02      1.18298343e-02      
1.34087498e+02      5.18223876e-03      
1.34312498e+02      5.29832624e-03      
1.34537500e+02      5.37279671e-03      
1.34762503e+02      5.77473468e-03      
1.34987505e+02      8.65202485e-03      
1.35212505e+02      1.05169720e-02      
1.35437504e+02      1.29743051e-02      
1.35662502e+02      1.44159494e-02      
1.35887501e+02      1.11983826e-02      
1.36125000e+02      8.48073985e-03      
1.36375000e+02      7.87718063e-03      
1.36625000e+02      7.25968142e-03      
1.36875000e+02      8.27085123e-03      
1.37112499e+02      9.38123045e-03      
1.37337498e+02      8.39925345e-03      
1.37562496e+02      7.39334971e-03      
1.37787495e+02      7.82064305e-03      
1.38024994e+02      8.74426425e-03      
1.38274994e+02      8.26701757e-03      
1.38524994e+02      8.18887107e-03      
1.38774994e+02      8.81507712e-03      
1.39137495e+02      2.95207524e-02      
1.39612497e+02      2.59241194e-02      
1.40087500e+02      2.57025570e-02      
1.40562502e+02      1.85712891e-02      
1.41050003e+02      1.24432181e-02      
1.41550003e+02      1.23653828e-02      
1.42050003e+02      1.24067903e-02      
1.42550003e+02      1.51978315e-02      
1.42807146e+02      1.29226662e-02      
1.42821433e+02      1.24904182e-02      
1.42835719e+02      1.24460834e-02      
1.42850006e+02      1.28013394e-02      
1.43112505e+02      1.59278437e-02      
1.43623216e+02      1.50219690e-02      
1.44133927e+02      1.43111490e-02      
1.44644638e+02      1.50751617e-02      
1.45162495e+02      1.51279031e-02      
1.45687496e+02      1.63375711e-02      
1.46212498e+02      1.77772938e-02      
1.46737499e+02      2.10927463e-02      
1.47275000e+02      2.78919735e-02      
1.47824999e+02      2.08050288e-02      
1.48374998e+02      2.53736769e-02      
1.48924997e+02      2.19573133e-02      
1.49487497e+02      2.19474000e-02      
1.50062498e+02      2.37510730e-02      
1.50637499e+02      2.41545468e-02      
1.51212500e+02      2.62617674e-02      
1.51787500e+02      2.55032605e-02      
1.52362501e+02      3.21209681e-02      
1.52937502e+02      3.62927405e-02      
1.53512503e+02      3.98619269e-02      
1.54100002e+02      3.40624487e-02      
1.54700001e+02      8.51721897e-02      
1.55299999e+02      5.60712891e-02      
1.55899998e+02      6.03323571e-02      
1.56512497e+02      4.57628279e-02      
1.57137497e+02      5.06624845e-02      
1.57762497e+02      4.59177535e-02      
1.58387497e+02      4.48560515e-02      
1.59024998e+02      4.78453158e-02      
1.59674999e+02      4.58063626e-02      
1.60325001e+02      5.07942267e-02      
1.60975002e+02      5.94261494e-02      
1.61625002e+02      5.94981032e-02      
1.62275000e+02      6.90568752e-02      
1.62924997e+02      7.15247237e-02      
1.63574995e+02      7.92331598e-02      
1.64245829e+02      9.18407308e-02      
1.64937498e+02      7.46667636e-02      
1.65629167e+02      1.57919933e-01      
1.66320837e+02      9.74679419e-02      
1.66670837e+02      9.16592904e-02      
1.66679169e+02      9.09493046e-02      
1.66687500e+02      9.09493046e-02      
1.66695831e+02      9.41901959e-02      
1.67049997e+02      1.14482254e-01      
1.67749998e+02      1.02949381e-01      
1.68449999e+02      1.18244263e-01      
1.69150000e+02      1.44064226e-01      
1.69862499e+02      1.72983295e-01      
1.70587498e+02      1.81126218e-01      
1.71312496e+02      1.80516155e-01      
1.72037495e+02      1.96373918e-01      
1.72587494e+02      2.01853516e-01      
1.72962494e+02      1.86294854e-01      
1.73337494e+02      1.92980140e-01      
1.73712494e+02      2.05510883e-01      
1.74087494e+02      2.28206462e-01      
1.74462494e+02      2.46712242e-01      
1.74837494e+02      2.40775182e-01      
1.75212494e+02      2.75702042e-01      
1.75599995e+02      3.00164223e-01      
1.75999996e+02      3.13554472e-01      
1.76399998e+02      2.98354356e-01      
1.76799999e+02      3.35453980e-01      
1.77200001e+02      3.96070526e-01      
1.77600002e+02      3.55120550e-01      
1.78000004e+02      4.05172542e-01      
1.78400005e+02      4.11733042e-01      
1.78800005e+02      4.33586562e-01      
1.79200003e+02      4.25300320e-01      
1.79600000e+02      4.01814954e-01      
1.79999998e+02      4.46861308e-01      
1.80399998e+02      4.77431295e-01      
1.80799999e+02      5.79983283e-01      
1.81200001e+02      4.85085502e-01      
1.81600002e+02      7.36861131e-01      
1.82012503e+02      6.21697652e-01      
1.82437502e+02      6.12846351e-01      
1.82862501e+02      5.69855474e-01      
1.83287500e+02      6.18383427e-01      
1.83712500e+02      6.35863875e-01      
1.84137499e+02      5.67695848e-01      
1.84562498e+02      5.36532720e-01      
1.84987497e+02      5.14732336e-01      
1.85412497e+02      6.32340063e-01      
1.85837496e+02      6.56533871e-01      
1.86262495e+02      6.72592857e-01      
1.86687494e+02      7.40415690e-01      
1.87124994e+02      8.40321707e-01      
1.87574995e+02      8.15762404e-01      
1.88024996e+02      7.86042266e-01      
1.88474997e+02      8.88424508e-01      
1.88924997e+02      9.43606216e-01      
1.89374998e+02      1.01447681e+00      
1.89824999e+02      9.18596719e-01      
1.90275000e+02      9.78610451e-01      
1.90725000e+02      1.05113680e+00      
1.91175001e+02      1.05781723e+00      
1.91625002e+02      1.13821479e+00      
1.92075003e+02      1.19670757e+00      
1.92537502e+02      1.15915706e+00      
1.93012501e+02      9.79744771e-01      
1.93487499e+02      8.15300179e-01      
1.93962498e+02      1.19764571e+00      
1.94437498e+02      1.48965489e+00      
1.94912500e+02      1.50583955e+00      
1.95387503e+02      1.42883156e+00      
1.95862505e+02      1.49210580e+00      
1.96337505e+02      1.52655408e+00      
1.96812504e+02      1.77930130e+00      
1.97287502e+02      1.66302218e+00      
1.97762501e+02      1.61221109e+00      
1.98250000e+02      1.70625903e+00      
1.98750000e+02      1.57361270e+00      
1.99250000e+02      1.76329782e+00      
1.99750000e+02      1.78581955e+00      
2.00000000e+02      1.82480136e+00      
2.00000001e+02      1.82884242e+00      
2.00000002e+02      1.82884242e+00      
2.00000003e+02      1.83564414e+00      
2.00250003e+02      1.91249026e+00      
2.00750002e+02      1.98240446e+00      
2.01250001e+02      2.07643364e+00      
2.01750000e+02      2.16895597e+00      
2.02262501e+02      2.16297486e+00      
2.02787502e+02      2.17501225e+00      
2.03312504e+02      2.37882603e+00      
2.03837505e+02      2.45662203e+00      
2.04362505e+02      2.69237625e+00      
2.04887503e+02      2.76345729e+00      
2.05412500e+02      2.79096128e+00      
2.05937498e+02      2.77800728e+00      
2.06462498e+02      2.86021289e+00      
2.06987499e+02      3.08355322e+00      
2.07512501e+02      3.35719612e+00      
2.08037502e+02      3.49797215e+00      
2.08575003e+02      3.94112654e+00      
2.09125002e+02      4.82729784e+00      
2.09675001e+02      5.88125287e+00      
2.10225000e+02      6.76187760e+00      
2.10787500e+02      7.57747152e+00      
2.11362501e+02      8.36728139e+00      
2.11937502e+02      9.83982870e+00      
2.12512503e+02      7.49224970e+00      
2.13087503e+02      7.98524412e+00      
2.13662504e+02      8.44354624e+00      
2.14237505e+02      1.06605511e+01      
2.14812506e+02      1.01442004e+01      
2.15387505e+02      9.81674494e+00      
2.15962502e+02      8.49267540e+00      
2.16537498e+02      8.30366374e+00      
2.17112495e+02      8.39812762e+00      
2.17724995e+02      9.21309054e+00      
2.18374996e+02      1.21990712e+01      
2.19024998e+02      1.12002573e+01      
2.19674999e+02      1.26987408e+01      
2.20275000e+02      1.30550756e+01      
2.20824999e+02      1.10115041e+01      
2.21374998e+02      9.81708199e+00      
2.21924997e+02      1.07977686e+01      
2.22512497e+02      1.26890246e+01      
2.23137497e+02      1.49993699e+01      
2.23762497e+02      1.70177843e+01      
2.24387497e+02      1.48721072e+01      
2.25024998e+02      1.47636418e+01      
2.25674999e+02      1.29270751e+01      
2.26325001e+02      1.06220706e+01      
2.26975002e+02      8.60689121e+00      
2.27625002e+02      1.02486575e+01      
2.28275000e+02      1.35063022e+01      
2.28924997e+02      1.25330151e+01      
2.29574995e+02      1.21863210e+01      
2.30237495e+02      1.22704390e+01      
2.30912498e+02      1.38821478e+01      
2.31587502e+02      1.28870580e+01      
2.32262505e+02      1.38539484e+01      
2.32937506e+02      1.23404897e+01      
2.33612505e+02      1.10749946e+01      
2.34287504e+02      9.64205509e+00      
2.34962503e+02      1.08796227e+01      
2.35587884e+02      1.39848886e+01      
2.36163647e+02      1.22067889e+01      
2.36739410e+02      1.19617312e+01      
2.37315172e+02      1.32635070e+01      
2.37665173e+02      1.24660787e+01      
2.37789411e+02      1.36319504e+01      
2.37913649e+02      1.18136495e+01      
2.38037887e+02      9.83114868e+00      
2.38462505e+02      1.03532153e+01      
2.39187504e+02      1.17525585e+01      
2.39912502e+02      1.03491966e+01      
2.40637501e+02      9.96331315e+00      
2.41362499e+02      1.14640799e+01      
2.42087498e+02      1.70053966e+01      
2.42812496e+02      1.80254770e+01      
2.43537495e+02      1.66250332e+01      
2.44274994e+02      1.64800241e+01      
2.45024994e+02      1.35643920e+01      
2.45774994e+02      1.25945879e+01      
2.46524994e+02      1.24445865e+01      
2.47287495e+02      1.40896027e+01      
2.48062496e+02      1.27807750e+01      
2.48837498e+02      1.08884938e+01      
2.49612499e+02      1.51095446e+01      
2.50400000e+02      1.52466765e+01      
2.51199999e+02      1.31173500e+01      
2.51999998e+02      1.04616365e+01      
2.52799997e+02      1.07526624e+01      
2.53599997e+02      1.33437447e+01      
2.54399996e+02      1.47494867e+01      
2.55199995e+02      1.81303469e+01      
2.55999994e+02      2.20213230e+01      
2.56812496e+02      2.85884505e+01      
2.57637501e+02      3.11788474e+01      
2.58462505e+02      3.18127243e+01      
2.59287510e+02      2.99736996e+01      
2.60137512e+02      2.25829720e+01      
2.61012512e+02      2.04343149e+01      
2.61887512e+02      2.53664163e+01      
2.62762512e+02      2.61741881e+01      
2.63637512e+02      4.54113504e+01      
2.64512512e+02      6.37383331e+01      
2.65387512e+02      6.36647935e+01      
2.66262512e+02      6.46568216e+01      
2.67150009e+02      6.33254426e+01      
2.68050003e+02      6.37770482e+01      
2.68949997e+02      6.12542360e+01      
2.69849991e+02      6.36880411e+01      
2.70762489e+02      6.79020184e+01      
2.71687492e+02      5.41239337e+01      
2.72612495e+02      5.18433375e+01      
2.73537498e+02      5.26409004e+01      
2.74125601e+02      3.77460349e+01      
2.74376802e+02      3.20260604e+01      
2.74628003e+02      3.43963411e+01      
2.74879204e+02      3.29016184e+01      
2.75354202e+02      4.33269028e+01      
2.76052998e+02      5.68590083e+01      
2.76751794e+02      6.43997586e+01      
2.77450590e+02      6.22796066e+01      
2.78287491e+02      4.40983848e+01      
2.79262497e+02      2.64438247e+01      
2.80237503e+02      2.08619647e+01      
2.81212509e+02      4.39962261e+01      
2.82113240e+02      6.89434354e+01      
2.82939697e+02      8.00053660e+01      
2.83766153e+02      7.91200149e+01      
2.84592609e+02      6.33582476e+01      
2.85092609e+02      3.82358952e+01      
2.85266153e+02      2.82413970e+01      
2.85439697e+02      3.12622596e+01      
2.85613240e+02      4.65982561e+01      
2.86225010e+02      7.90452740e+01      
2.87275005e+02      8.97655538e+01      
2.88325001e+02      7.84577110e+01      
2.89374996e+02      1.13473481e+02      
2.90424995e+02      1.52635475e+02      
2.91474998e+02      1.47580708e+02      
2.92525002e+02      1.30903518e+02      
2.93575005e+02      1.36813784e+02      
2.94650005e+02      1.29133887e+02      
2.95750004e+02      1.43070915e+02      
2.96850002e+02      1.19209121e+02      
2.97950001e+02      1.31038030e+02      
2.99062500e+02      1.20920977e+02      
3.00187500e+02      1.11100335e+02      
3.01312500e+02      1.17852141e+02      
3.02437500e+02      1.20286650e+02      
3.03513304e+02      1.58836401e+02      
3.04539913e+02      1.52776687e+02      
3.05566522e+02      1.50310651e+02      
3.06593131e+02      1.43293177e+02      
3.07180632e+02      1.57755478e+02      
3.07329027e+02      1.59467379e+02      
3.07477421e+02      1.61722381e+02      
3.07625815e+02      1.58337638e+02      
3.08300011e+02      1.59960875e+02      
3.09500008e+02      1.29388693e+02      
3.10700005e+02      1.71064214e+02      
3.11900002e+02      1.76177077e+02      
3.13125000e+02      1.73744579e+02      
3.14375000e+02      1.72846859e+02      
3.15625000e+02      1.57464052e+02      
3.16875000e+02      1.82522525e+02      
3.18125000e+02      1.75371155e+02      
3.19375000e+02      1.79855687e+02      
3.20625000e+02      2.00251011e+02      
3.21875000e+02      1.78905951e+02      
3.23125000e+02      1.64508718e+02      
3.24375000e+02      1.92310464e+02      
3.25625000e+02      2.29595598e+02      
3.26875000e+02      2.47420886e+02      
3.27713409e+02      2.42112054e+02      
3.28140227e+02      2.33300424e+02      
3.28567045e+02      2.32687261e+02      
3.28993862e+02      2.49239015e+02      
3.29618862e+02      2.77488659e+02      
3.30442045e+02      2.59624996e+02      
3.31265227e+02      2.46079809e+02      
3.32088409e+02      2.45267496e+02      
3.33125000e+02      2.38396067e+02      
3.34375000e+02      2.43083841e+02      
3.35625000e+02      2.33610526e+02      
3.36875000e+02      2.06120271e+02      
3.37962972e+02      2.28230516e+02      
3.38888917e+02      2.42193702e+02      
3.39814862e+02      2.55354817e+02      
3.40740807e+02      2.51033118e+02      
3.41365807e+02      2.34661689e+02      
3.41689862e+02      2.30612210e+02      
3.42013917e+02      2.55844543e+02      
3.42337972e+02      2.49751182e+02      
3.42812500e+02      2.59487825e+02      
3.43437500e+02      2.53883641e+02      
3.44062500e+02      2.03904921e+02      
3.44687500e+02      2.23583835e+02      
3.46250000e+02      2.38656201e+02      
3.48750000e+02      2.28819590e+02      
3.51250000e+02      2.56728159e+02      
3.53750000e+02      2.65532633e+02      
3.56250000e+02      2.43643823e+02      
3.58750000e+02      2.17908206e+02      
3.61250000e+02      2.40355677e+02      
3.63750000e+02      2.61919656e+02      
3.66250000e+02      3.07094085e+02      
3.68750000e+02      2.99246128e+02      
3.71250000e+02      2.91992641e+02      
3.73750000e+02      2.44659656e+02      
3.76250000e+02      2.80021421e+02      
3.78750000e+02      3.12561195e+02      
3.81250000e+02      2.76543841e+02      
3.83750000e+02      1.97727903e+02      
3.85625050e+02      2.54343458e+02      
3.86875151e+02      2.57592153e+02      
3.88125252e+02      2.54181765e+02      
3.89375353e+02      2.85164999e+02      
3.90625353e+02      3.12828255e+02      
3.91875252e+02      3.09818650e+02      
3.93125151e+02      1.82002546e+02      
3.94375050e+02      2.55671310e+02      
3.96250000e+02      2.42500162e+02      
3.98750000e+02      3.66541295e+02      
4.01250000e+02      4.30824367e+02      
4.03750000e+02      4.26206823e+02      
4.06250000e+02      4.11265462e+02      
4.08750000e+02      4.22055790e+02      
4.11250000e+02      4.23987626e+02      
4.13750000e+02      4.38139559e+02      
4.16250000e+02      4.40643290e+02      
4.18750000e+02      4.30195808e+02      
4.21250000e+02      4.41656497e+02      
4.23750000e+02      4.26163500e+02      
4.26250000e+02      4.23887662e+02      
4.28750000e+02      3.99530999e+02      
4.31250000e+02      3.64107080e+02      
4.33750000e+02      4.07320287e+02      
4.36250000e+02      4.47649901e+02      
4.38750000e+02      4.35778083e+02      
4.41250000e+02      4.69608375e+02      
4.43750000e+02      4.86806189e+02      
4.45625561e+02      4.67862609e+02      
4.46876683e+02      4.87718008e+02      
4.48127805e+02      5.03526502e+02      
4.49378927e+02      5.04005288e+02      
4.50628927e+02      5.33316395e+02      
4.51877805e+02      5.25293144e+02      
4.53126683e+02      4.75965799e+02      
4.54375561e+02      5.14077282e+02      
4.56250000e+02      5.20077711e+02      
4.58750000e+02      5.14535890e+02      
4.61250000e+02      5.18644518e+02      
4.63750000e+02      5.16911630e+02      
4.66250000e+02      5.01537143e+02      
4.68750000e+02      5.06590835e+02      
4.71250000e+02      4.98890783e+02      
4.73750000e+02      5.15068624e+02      
4.76250000e+02      5.12984710e+02      
4.78750000e+02      5.21323230e+02      
4.81250000e+02      5.21569779e+02      
4.83750000e+02      5.09305383e+02      
4.86250000e+02      4.42455906e+02      
4.88750000e+02      4.87704194e+02      
4.91250000e+02      4.90219605e+02      
4.93750000e+02      4.94503532e+02      
4.96250000e+02      4.99539318e+02      
4.98750000e+02      4.87415483e+02      
5.01250000e+02      4.61277968e+02      
5.03750000e+02      4.79331180e+02      
5.06250000e+02      4.89002182e+02      
5.08750000e+02      4.64567409e+02      
5.11250000e+02      4.82204039e+02      
5.13750000e+02      4.56432253e+02      
5.16250000e+02      4.33877358e+02      
5.18750000e+02      4.34775107e+02      
5.21250000e+02      4.64869231e+02      
5.23750000e+02      4.59200766e+02      
5.26250000e+02      4.47051913e+02      
5.28750000e+02      4.69150314e+02      
5.31250000e+02      4.77182545e+02      
5.33750000e+02      4.53442982e+02      
5.35626888e+02      4.76817568e+02      
5.36880663e+02      4.62057232e+02      
5.38134438e+02      4.71066433e+02      
5.39388214e+02      4.62277789e+02      
5.40638214e+02      4.42564330e+02      
5.41884438e+02      4.63376289e+02      
5.43130663e+02      4.55707472e+02      
5.44376888e+02      4.69629830e+02      
5.45563869e+02      4.71528615e+02      
5.46691608e+02      4.72854438e+02      
5.47819347e+02      4.61608304e+02      
5.48947086e+02      4.66846692e+02      
5.50197086e+02      4.70281881e+02      
5.51569347e+02      4.66338697e+02      
5.52941608e+02      4.60851066e+02      
5.54313869e+02      4.72520880e+02      
5.56250000e+02      4.61924847e+02      
5.58750000e+02      4.47059964e+02      
5.61250000e+02      4.50949815e+02      
5.63750000e+02      4.60510049e+02      
5.65200540e+02      4.54990977e+02      
5.65601619e+02      4.47086174e+02      
5.66002698e+02      4.26792012e+02      
5.66403777e+02      4.46167766e+02      
5.67653777e+02      4.54764345e+02      
5.69752698e+02      4.47366958e+02      
5.71851619e+02      4.48438856e+02      
5.73950540e+02      4.61743677e+02      
5.76250000e+02      4.51406688e+02      
5.78750000e+02      4.47733575e+02      
5.81250000e+02      4.53217614e+02      
5.83750000e+02      4.55734671e+02      
5.86250000e+02      4.44020786e+02      
5.88750000e+02      4.22620689e+02      
5.91250000e+02      4.43113886e+02      
5.93750000e+02      4.41112431e+02      
5.96250000e+02      4.38922678e+02      
5.98750000e+02      4.34755269e+02      
6.01250000e+02      4.27197598e+02      
6.03750000e+02      4.32911287e+02      
6.05004234e+02      4.36124810e+02      
6.05012703e+02      4.36899903e+02      
6.05021172e+02      4.36987877e+02      
6.05029640e+02      4.34542512e+02      
6.06279640e+02      4.33913420e+02      
6.08771172e+02      4.30262764e+02      
6.11262703e+02      4.25870005e+02      
6.13754234e+02      4.17793358e+02      
6.16250000e+02      4.10626069e+02      
6.18750000e+02      4.19651615e+02      
6.21250000e+02      4.19475321e+02      
6.23750000e+02      4.08211713e+02      
6.26250000e+02      4.11039009e+02      
6.28750000e+02      4.16432549e+02      
6.31250000e+02      4.05927071e+02      
6.33750000e+02      4.07493643e+02      
6.36250000e+02      4.05731734e+02      
6.38750000e+02      4.06195833e+02      
6.41250000e+02      3.96713491e+02      
6.43750000e+02      4.01398087e+02      
6.46250000e+02      3.95501008e+02      
6.48750000e+02      3.92223153e+02      
6.51250000e+02      3.95577951e+02      
6.53750000e+02      3.90016808e+02      
6.56250000e+02      3.45993309e+02      
6.58750000e+02      3.79109967e+02      
6.61250000e+02      3.85890988e+02      
6.63750000e+02      3.78660407e+02      
6.65208336e+02      3.78707014e+02      
6.65625007e+02      3.80818994e+02      
6.66041679e+02      3.79229621e+02      
6.66458351e+02      3.71470592e+02      
6.67708351e+02      3.78982489e+02      
6.69791679e+02      3.81740802e+02      
6.71875007e+02      3.80397209e+02      
6.73958336e+02      3.80918544e+02      
6.76250000e+02      3.76687443e+02      
6.78750000e+02      3.72154604e+02      
6.81250000e+02      3.69270454e+02      
6.83750000e+02      3.67348839e+02      
6.85760623e+02      3.69331703e+02      
6.87281868e+02      3.72684742e+02      
6.88803113e+02      3.67700352e+02      
6.90324358e+02      3.65075172e+02      
6.91574358e+02      3.60603093e+02      
6.92553113e+02      3.59893526e+02      
6.93531868e+02      3.60343511e+02      
6.94510623e+02      3.61016524e+02      
6.96250000e+02      3.64177934e+02      
6.98750000e+02      3.60605843e+02      
7.01250000e+02      3.55373332e+02      
7.03750000e+02      3.58377282e+02      
7.06250000e+02      3.56019728e+02      
7.08750000e+02      3.52179092e+02      
7.11250000e+02      3.47679900e+02      
7.13750000e+02      3.42831755e+02      
7.16250000e+02      3.39973669e+02      
7.18750000e+02      3.35855242e+02      
7.21250000e+02      3.36399793e+02      
7.23750000e+02      3.35858030e+02      
7.26250000e+02      3.33900511e+02      
7.28750000e+02      3.26952990e+02      
7.31250000e+02      3.29605377e+02      
7.33750000e+02      3.29301762e+02      
7.36250000e+02      3.26116276e+02      
7.38750000e+02      3.20325655e+02      
7.41250000e+02      3.16821317e+02      
7.43750000e+02      3.20764489e+02      
7.45859962e+02      3.20199382e+02      
7.47579885e+02      3.21359655e+02      
7.49299808e+02      3.16452270e+02      
7.51019731e+02      3.15401198e+02      
7.52269731e+02      3.15331223e+02      
7.53049808e+02      3.16132156e+02      
7.53829885e+02      3.17689208e+02      
7.54609962e+02      3.16156185e+02      
7.56250000e+02      3.14763733e+02      
7.58750000e+02      3.11793696e+02      
7.61250000e+02      3.06308406e+02      
7.63750000e+02      3.09013158e+02      
7.66250000e+02      2.98714158e+02      
7.68750000e+02      3.02735224e+02      
7.71250000e+02      2.99361967e+02      
7.73750000e+02      2.98849664e+02      
7.75857604e+02      2.95012521e+02      
7.77572811e+02      2.93814230e+02      
7.79288018e+02      2.92892240e+02      
7.81003225e+02      2.91815200e+02      
7.82253225e+02      2.94385532e+02      
7.83038018e+02      2.89870771e+02      
7.83822811e+02      2.87009127e+02      
7.84607604e+02      2.90697102e+02      
7.86250000e+02      2.87963416e+02      
7.88750000e+02      2.89404323e+02      
7.91250000e+02      2.86247700e+02      
7.93750000e+02      2.78111462e+02      
7.96250000e+02      2.84080963e+02      
7.98750000e+02      2.81709911e+02      
8.01250000e+02      2.80265506e+02      
8.03750000e+02      2.78142887e+02      
8.06250000e+02      2.77795835e+02      
8.08750000e+02      2.74967904e+02      
8.11250000e+02      2.76930551e+02      
8.13750000e+02      2.77331671e+02      
8.16250000e+02      2.74402602e+02      
8.18750000e+02      2.66983856e+02      
8.21250000e+02      2.64464517e+02      
8.23750000e+02      2.67587989e+02      
8.26250000e+02      2.67431435e+02      
8.28750000e+02      2.64828377e+02      
8.31250000e+02      2.63659594e+02      
8.33750000e+02      2.55277711e+02      
8.35932497e+02      2.60639307e+02      
8.37797491e+02      2.58173503e+02      
8.39662485e+02      2.56757680e+02      
8.41527480e+02      2.57372412e+02      
8.42777480e+02      2.51776334e+02      
8.43412485e+02      2.50171585e+02      
8.44047491e+02      2.48524923e+02      
8.44682497e+02      2.55844647e+02      
8.46250000e+02      2.53414755e+02      
8.48750000e+02      2.44812009e+02      
8.51250000e+02      2.38602064e+02      
8.53750000e+02      2.12829941e+02      
8.56250000e+02      2.41981217e+02      
8.58750000e+02      2.43468918e+02      
8.61250000e+02      2.44888595e+02      
8.63750000e+02      2.48179779e+02      
8.66250000e+02      2.25237584e+02      
8.68750000e+02      2.42738913e+02      
8.71250000e+02      2.47521141e+02      
8.73750000e+02      2.42770314e+02      
8.76250000e+02      2.37726301e+02      
8.78750000e+02      2.39014750e+02      
8.81250000e+02      2.33091441e+02      
8.83750000e+02      2.34076584e+02      
8.85783196e+02      2.31777701e+02      
8.87349589e+02      2.28122144e+02      
8.88915982e+02      2.32901132e+02      
8.90482375e+02      2.33655882e+02      
8.91732375e+02      2.30679239e+02      
8.92665982e+02      2.25076770e+02      
8.93599589e+02      2.29311721e+02      
8.94533196e+02      2.24759218e+02      
8.96250000e+02      2.28592770e+02      
8.98750000e+02      2.26519343e+02      
9.01250000e+02      2.15739479e+02      
9.03750000e+02      2.25089683e+02      
9.06250000e+02      2.22639119e+02      
9.08750000e+02      2.16478323e+02      
9.11250000e+02      2.17188372e+02      
9.13750000e+02      2.20470779e+02      
9.16250000e+02      2.17586129e+02      
9.18750000e+02      2.16640068e+02      
9.21250000e+02      2.10803858e+02      
9.23750000e+02      2.06158890e+02      
9.26250000e+02      2.08986841e+02      
9.28750000e+02      2.12005434e+02      
9.31250000e+02      2.11321816e+02      
9.33750000e+02      2.10894830e+02      
9.36250000e+02      2.07850448e+02      
9.38750000e+02      2.07767543e+02      
9.41250000e+02      1.99880346e+02      
9.43750000e+02      2.02741771e+02      
9.46250000e+02      2.03763076e+02      
9.48750000e+02      2.04186338e+02      
9.51250000e+02      2.01920415e+02      
9.53750000e+02      1.97540466e+02      
9.55817304e+02      1.94192974e+02      
9.57451913e+02      1.97634011e+02      
9.59086521e+02      1.99615670e+02      
9.60721130e+02      1.96193670e+02      
9.61971130e+02      1.97857961e+02      
9.62836521e+02      1.94453232e+02      
9.63701913e+02      1.94444206e+02      
9.64567304e+02      1.95332264e+02      
9.66250000e+02      1.93244048e+02      
9.68750000e+02      1.93678970e+02      
9.71250000e+02      1.93251003e+02      
9.73750000e+02      1.90371846e+02      
9.76250000e+02      1.90401913e+02      
9.78750000e+02      1.89217730e+02      
9.81250000e+02      1.89395148e+02      
9.83750000e+02      1.87897587e+02      
9.86250000e+02      1.86778275e+02      
9.88750000e+02      1.84937281e+02      
9.91250000e+02      1.84504152e+02      
9.93750000e+02      1.84587460e+02      
9.96250000e+02      1.83591279e+02      
9.98750000e+02      1.82470922e+02      
1.00125000e+03      1.81994807e+02      
1.00375000e+03      1.77475631e+02      
1.00625000e+03      1.73623551e+02      
1.00875000e+03      1.78637306e+02      
1.01125000e+03      1.77756422e+02      
1.01375000e+03      1.76170938e+02      
1.01625000e+03      1.74523111e+02      
1.01875000e+03      1.72792407e+02      
1.02125000e+03      1.72311869e+02      
1.02375000e+03      1.73420345e+02      
1.02625000e+03      1.72616743e+02      
1.02875000e+03      1.71203962e+02      
1.03125000e+03      1.70369927e+02      
1.03375000e+03      1.67385415e+02      
1.03515868e+03      1.66301326e+02      
1.03547603e+03      1.68403752e+02      
1.03579339e+03      1.68723073e+02      
1.03611075e+03      1.68861365e+02      
1.03736075e+03      1.65883690e+02      
1.03954339e+03      1.66556884e+02      
1.04172603e+03      1.66203775e+02      
1.04390868e+03      1.65579680e+02      
1.04625000e+03      1.62676889e+02      
1.04875000e+03      1.64388884e+02      
1.05125000e+03      1.63316572e+02      
1.05375000e+03      1.62352845e+02      
1.05625000e+03      1.62526906e+02      
1.05875000e+03      1.59217483e+02      
1.06125000e+03      1.58912325e+02      
1.06375000e+03      1.59134691e+02      
1.06556484e+03      1.59334819e+02      
1.06669451e+03      1.55962386e+02      
1.06782418e+03      1.58226447e+02      
1.06895385e+03      1.50009798e+02      
1.07020385e+03      1.55486058e+02      
1.07157418e+03      1.56686777e+02      
1.07294451e+03      1.53595849e+02      
1.07431484e+03      1.55081492e+02      
1.07625000e+03      1.55188535e+02      
1.07875000e+03      1.53871606e+02      
1.08125000e+03      1.51938034e+02      
1.08375000e+03      1.50960756e+02      
1.08687500e+03      1.50249261e+02      
1.09062500e+03      1.50608710e+02      
1.09437500e+03      1.43739039e+02      
1.09812500e+03      1.45780795e+02      
1.10374294e+03      1.45581902e+02      
1.11122881e+03      1.44212256e+02      
1.11871468e+03      1.41866196e+02      
1.12620055e+03      1.38712758e+02      
1.13903128e+03      1.35354242e+02      
1.15720685e+03      1.31575292e+02      
1.17538242e+03      1.27135619e+02      
1.19355799e+03      1.22643381e+02      
1.21571375e+03      1.18529430e+02      
1.24184971e+03      1.13531315e+02      
1.26798566e+03      1.09081455e+02      
1.29412161e+03      1.03686218e+02      
1.32261778e+03      9.93443153e+01      
1.35347418e+03      9.47676375e+01      
1.38433059e+03      9.03595040e+01      
1.41518699e+03      8.56070288e+01      
1.44740644e+03      8.15853864e+01      
1.48098895e+03      7.72067879e+01      
1.51457146e+03      7.28208427e+01      
1.54815397e+03      6.91064152e+01      
1.58029753e+03      6.48521289e+01      
1.61100215e+03      6.18090820e+01      
1.64170676e+03      5.83302000e+01      
1.67241138e+03      5.48777028e+01      
1.70956790e+03      5.16871827e+01      
1.75317633e+03      4.72601037e+01      
1.79678476e+03      4.36217511e+01      
1.84039319e+03      4.04134997e+01      
1.88194796e+03      3.70088296e+01      
1.92144910e+03      3.48108417e+01      
1.96095023e+03      3.20346670e+01      
2.00045136e+03      3.00077768e+01      
2.04300708e+03      2.77891640e+01      
2.08861738e+03      2.57758773e+01      
2.13422769e+03      2.39160848e+01      
2.17983800e+03      2.18749128e+01      
2.23748645e+03      1.98966831e+01      
2.30717304e+03      1.76974986e+01      
2.37685964e+03      1.56708003e+01      
2.44654623e+03      1.41753164e+01      
2.50366265e+03      1.30943925e+01      
2.54820889e+03      1.22780081e+01      
2.59275514e+03      1.15647649e+01      
2.63730139e+03      1.08698824e+01      
2.69209120e+03      1.01241406e+01      
2.75712457e+03      9.35106984e+00      
2.82215795e+03      8.61833240e+00      
2.88719133e+03      7.96702272e+00      
2.94894192e+03      7.39381037e+00      
3.00740972e+03      6.89445513e+00      
3.06587753e+03      6.44077968e+00      
3.12434533e+03      6.05444269e+00      
3.16430572e+03      5.78465987e+00      
3.18575868e+03      5.61845785e+00      
3.20721164e+03      5.48745630e+00      
3.22866461e+03      5.36261397e+00      
3.24919847e+03      5.23587928e+00      
3.26881322e+03      5.12662258e+00      
3.28842798e+03      5.02094976e+00      
3.30804273e+03      4.90869064e+00      
3.32814434e+03      4.80912821e+00      
3.34873280e+03      4.70167241e+00      
3.36932126e+03      4.59861785e+00      
3.38990971e+03      4.50327078e+00      
3.41102225e+03      4.39899493e+00      
3.43265885e+03      4.30163481e+00      
3.45429546e+03      4.20894165e+00      
3.47593206e+03      4.11188501e+00      
3.49797380e+03      4.01869292e+00      
3.52042067e+03      3.93022933e+00      
3.54286754e+03      3.84126298e+00      
3.56531441e+03      3.75001334e+00      
3.58902943e+03      3.66317613e+00      
3.61401260e+03      3.57430384e+00      
3.63899577e+03      3.48698978e+00      
3.66397893e+03      3.40167700e+00      
3.68950149e+03      3.31433076e+00      
3.71556345e+03      3.23167481e+00      
3.74162540e+03      3.15103783e+00      
3.76768735e+03      3.06358191e+00      
3.80933142e+03      2.94065779e+00      
3.86655760e+03      2.79706424e+00      
3.92378378e+03      2.65122007e+00      
3.98100996e+03      2.52010224e+00      
4.02990538e+03      2.40905440e+00      
4.07047004e+03      2.31709182e+00      
4.11103469e+03      2.23574623e+00      
4.15159935e+03      2.14353968e+00      
4.21857828e+03      2.02191442e+00      
4.31197149e+03      1.87606177e+00      
4.40536469e+03      1.73378818e+00      
4.49875790e+03      1.60589628e+00      
4.58702880e+03      1.49447898e+00      
4.67017740e+03      1.39668993e+00      
4.75332600e+03      1.30842403e+00      
4.83647460e+03      1.22853460e+00      
4.90931845e+03      1.16254410e+00      
4.97185755e+03      1.10614216e+00      
5.03439665e+03      1.05627768e+00      
5.09693575e+03      1.00787749e+00      
5.16285533e+03      9.60490628e-01      
5.23215538e+03      9.14499006e-01      
5.30145544e+03      8.70436102e-01      
5.37075549e+03      8.28515480e-01      
5.44401556e+03      7.87766084e-01      
5.52123564e+03      7.47156434e-01      
5.59845573e+03      7.09327304e-01      
5.67567581e+03      6.73354383e-01      
5.75757587e+03      6.37946215e-01      
5.84415591e+03      6.03467398e-01      
5.93073595e+03      5.70894255e-01      
6.01731598e+03      5.39956225e-01      
6.10948187e+03      5.09791848e-01      
6.20723361e+03      4.80435766e-01      
6.30498534e+03      4.52895669e-01      
6.40273708e+03      4.26862917e-01      
6.50723028e+03      4.01466066e-01      
6.61846495e+03      3.76695335e-01      
6.72969961e+03      3.53713234e-01      
6.84093428e+03      3.31766094e-01      
6.96040857e+03      3.10703334e-01      
7.08812249e+03      2.90253300e-01      
7.21583641e+03      2.71116347e-01      
7.34355032e+03      2.53769310e-01      
7.46187353e+03      2.38770029e-01      
7.57080603e+03      2.25634126e-01      
7.67973852e+03      2.13657605e-01      
7.78867102e+03      2.02257838e-01      
7.90441173e+03      1.91111090e-01      
8.02696067e+03      1.80286664e-01      
8.14950961e+03      1.70117624e-01      
8.27205855e+03      1.60146827e-01      
8.41982520e+03      1.49665626e-01      
8.59280956e+03      1.38847689e-01      
8.76579392e+03      1.28516785e-01      
8.93877828e+03      1.19760752e-01      
9.07082057e+03      1.13145035e-01      
9.16192079e+03      1.08382078e-01      
9.25302100e+03      1.04302866e-01      
9.34412122e+03      1.00141751e-01      
9.46596241e+03      9.52679868e-02      
9.61854458e+03      8.98414014e-02      
9.77112675e+03      8.45484606e-02      
9.92370892e+03      7.96087118e-02      
1.00797873e+04      7.49131229e-02      
1.02393618e+04      7.05185944e-02      
1.03989363e+04      6.64246022e-02      
1.05585108e+04      6.25165775e-02      
1.07370822e+04      5.85744079e-02      
1.09346507e+04      5.46757894e-02      
1.11322191e+04      5.10124837e-02      
1.13297875e+04      4.74826429e-02      
1.15625002e+04      4.38841398e-02      
1.18303573e+04      4.02676715e-02      
1.20982144e+04      3.69015025e-02      
1.23660715e+04      3.37835958e-02      
1.26736112e+04      3.07062430e-02      
1.30208335e+04      2.77141194e-02      
1.33680558e+04      2.50122043e-02      
1.37152781e+04      2.26800599e-02      
1.40268412e+04      2.07775849e-02      
1.43027449e+04      1.91999512e-02      
1.45786486e+04      1.78189726e-02      
1.48545523e+04      1.65436196e-02      
1.51443729e+04      1.53403078e-02      
1.54481106e+04      1.42079349e-02      
1.57518482e+04      1.31581108e-02      
1.60555859e+04      1.21265973e-02      
1.64751008e+04      1.09658558e-02      
1.70103929e+04      9.73880984e-03      
1.75456851e+04      8.62405410e-03      
1.80809772e+04      7.67883489e-03      
1.85802979e+04      6.89758420e-03      
1.90436473e+04      6.24746357e-03      
1.95069966e+04      5.68572870e-03      
1.99703460e+04      5.16063698e-03      
2.05176771e+04      4.64122276e-03      
2.11489899e+04      4.13613926e-03      
2.17803028e+04      3.68354813e-03      
2.24116156e+04      3.27180291e-03      
2.31758368e+04      2.86824597e-03      
2.40729663e+04      2.48298526e-03      
2.49700959e+04      2.14862900e-03      
2.58672254e+04      1.86555450e-03      
2.68141952e+04      1.61881256e-03      
2.78110051e+04      1.40339938e-03      
2.88078151e+04      1.22115859e-03      
2.98046250e+04      1.06101678e-03      
3.09794371e+04      9.10986379e-04      
3.23322513e+04      7.73598129e-04      
3.36850655e+04      6.57535962e-04      
3.50378797e+04      5.54280663e-04      
3.69318190e+04      4.50637344e-04      
3.93668833e+04      3.55082958e-04      
4.18019476e+04      2.79663042e-04      
4.42370119e+04      2.19027022e-04      
4.75852261e+04      1.64410199e-04      
5.18465900e+04      1.19212763e-04      
5.61079540e+04      8.70080121e-05      
6.03693180e+04      6.24846271e-05      
6.71875000e+04      4.11879172e-05      
7.65625000e+04      2.54386824e-05      
8.59375000e+04      1.60137693e-05      
9.53125000e+04      1.10763112e-05      
1.00000000e+05      4.88775839e-06      
