Wavelength(nm)      SolarFlux(mW/m^2/nm)
1.00000000e+00      1.86558464e-04      
1.37500000e+00      1.49241295e-04      
2.12500000e+00      1.43346661e-03      
2.87500000e+00      1.83501176e-03      
3.62500000e+00      1.35387673e-03      
4.12500000e+00      1.70012603e-03      
4.37500000e+00      1.87325068e-03      
4.62500000e+00      1.87325068e-03      
4.87500000e+00      1.87325068e-03      
5.12500000e+00      3.21973516e-03      
5.37500000e+00      3.21973516e-03      
5.62500000e+00      3.21973516e-03      
5.87500000e+00      3.21973516e-03      
6.12500000e+00      2.86381205e-03      
6.37500000e+00      2.86381205e-03      
6.62500000e+00      2.86381205e-03      
6.87500000e+00      2.86381205e-03      
7.12500000e+00      3.00618130e-03      
7.37500000e+00      3.00618130e-03      
7.62500000e+00      3.00618130e-03      
7.87500000e+00      3.00618130e-03      
8.12500000e+00      1.83190884e-03      
8.37500000e+00      1.83190884e-03      
8.62500000e+00      1.83190884e-03      
8.87500000e+00      1.83190884e-03      
9.12500000e+00      2.05586661e-03      
9.37500000e+00      2.05586661e-03      
9.62500000e+00      2.05586661e-03      
9.87500000e+00      2.05586661e-03      
1.01250000e+01      7.14036504e-04      
1.03750000e+01      7.14036504e-04      
1.06250000e+01      7.14036504e-04      
1.08750000e+01      7.14036504e-04      
1.11250000e+01      5.11707909e-04      
1.13750000e+01      5.11707909e-04      
1.16250000e+01      5.11707909e-04      
1.18750000e+01      5.11707909e-04      
1.21000000e+01      3.31845940e-04      
1.23000001e+01      3.20604581e-04      
1.25000001e+01      3.20604581e-04      
1.27000002e+01      3.20604581e-04      
1.31125002e+01      3.11407972e-04      
1.37375002e+01      3.63260801e-04      
1.43625002e+01      9.82895341e-04      
1.49875002e+01      1.07799448e-03      
1.55875002e+01      1.18549772e-03      
1.61625003e+01      1.51932759e-03      
1.67375003e+01      1.85266032e-03      
1.73125004e+01      7.14584078e-03      
1.79625003e+01      5.45423370e-03      
1.86875002e+01      3.57480861e-03      
1.94125001e+01      3.67422158e-03      
2.01375000e+01      2.38432599e-03      
2.08250000e+01      1.69049396e-03      
2.14750001e+01      1.37660105e-03      
2.21250002e+01      1.76194592e-03      
2.27750003e+01      1.69447202e-03      
2.35875003e+01      1.09317454e-03      
2.45625002e+01      2.51905837e-03      
2.55375001e+01      3.95860177e-03      
2.65125000e+01      1.34402040e-03      
2.71250000e+01      1.93476549e-03      
2.73750000e+01      2.36305562e-03      
2.76250000e+01      2.36305562e-03      
2.78750000e+01      2.46868265e-03      
2.82500000e+01      2.89119075e-03      
2.87500000e+01      2.89119075e-03      
2.92500000e+01      8.27110537e-04      
2.97500000e+01      8.27110537e-04      
3.02500000e+01      1.75497469e-02      
3.07500000e+01      1.75497469e-02      
3.12500000e+01      3.40864819e-03      
3.17500000e+01      3.40864819e-03      
3.22500000e+01      4.73377729e-03      
3.27500000e+01      4.73377729e-03      
3.32500000e+01      4.64890331e-03      
3.37500000e+01      4.64890331e-03      
3.42500000e+01      1.98769364e-03      
3.47500000e+01      1.98769364e-03      
3.52500000e+01      1.71007362e-03      
3.57500000e+01      1.71007362e-03      
3.61250000e+01      2.19610031e-03      
3.63750000e+01      2.31760698e-03      
3.66250000e+01      2.31760698e-03      
3.68750000e+01      1.67247354e-03      
3.73750000e+01      3.82206656e-04      
3.81250000e+01      2.36661486e-04      
3.88750000e+01      1.63560356e-04      
3.96250000e+01      1.62903267e-04      
4.03750000e+01      2.73212050e-04      
4.11250000e+01      4.48453985e-04      
4.18750000e+01      4.01581650e-04      
4.26250000e+01      1.32595046e-04      
4.33750000e+01      3.09105527e-04      
4.41250000e+01      1.83893604e-04      
4.48750000e+01      1.26097167e-04      
4.56250000e+01      1.35716217e-04      
4.62500000e+01      4.51191855e-04      
4.67500000e+01      4.90626310e-04      
4.72500000e+01      1.94826831e-04      
4.77500000e+01      1.94826831e-04      
4.82500000e+01      3.24437599e-04      
4.87500000e+01      3.24437599e-04      
4.92500000e+01      1.15510737e-03      
4.97500000e+01      1.15510737e-03      
5.02500000e+01      4.70639858e-04      
5.07500000e+01      4.70639858e-04      
5.12500000e+01      1.61287924e-04      
5.17500000e+01      1.61287924e-04      
5.22500000e+01      2.84190909e-04      
5.27500000e+01      2.84190909e-04      
5.32500000e+01      2.09447057e-04      
5.37500000e+01      2.09447057e-04      
5.42500000e+01      1.35004371e-04      
5.47500000e+01      1.35004371e-04      
5.52500000e+01      6.04521703e-04      
5.57500000e+01      6.04521703e-04      
5.62500000e+01      1.84313411e-04      
5.67500000e+01      1.84313411e-04      
5.72500000e+01      1.83628943e-04      
5.77500000e+01      1.83628943e-04      
5.82500000e+01      1.04011683e-03      
5.87500000e+01      1.04011683e-03      
5.92500000e+01      2.17058336e-04      
5.97500000e+01      2.17058336e-04      
6.02500000e+01      8.92819417e-04      
6.07500000e+01      8.92819417e-04      
6.12500000e+01      2.71487192e-04      
6.17500000e+01      2.71487192e-04      
6.21250000e+01      9.97438907e-04      
6.23750000e+01      1.17892684e-03      
6.26250000e+01      1.17892684e-03      
6.28750000e+01      7.38677335e-04      
6.36250000e+01      2.40843582e-04      
6.48750000e+01      6.23632036e-05      
6.61250000e+01      5.01084973e-05      
6.73750000e+01      4.86245718e-05      
6.83750000e+01      1.51568485e-04      
6.91250000e+01      1.39640498e-04      
6.98750000e+01      1.92381001e-04      
7.06250000e+01      3.26901682e-04      
7.13750000e+01      1.43217981e-04      
7.21250000e+01      1.19818319e-04      
7.28750000e+01      1.19033463e-04      
7.36250000e+01      1.40863413e-04      
7.43750000e+01      1.73580960e-04      
7.51250000e+01      2.34051383e-04      
7.58750000e+01      3.98232322e-04      
7.66250000e+01      6.66123779e-04      
7.71250000e+01      6.31261567e-04      
7.73750000e+01      6.13830461e-04      
7.76250000e+01      6.13830461e-04      
7.78750000e+01      6.13830461e-04      
7.81250000e+01      8.55310598e-04      
7.83750000e+01      8.55310598e-04      
7.86250000e+01      8.55310598e-04      
7.88750000e+01      8.55310598e-04      
7.91250000e+01      3.99729025e-04      
7.93750000e+01      3.99729025e-04      
7.96250000e+01      3.99729025e-04      
7.98750000e+01      4.04474666e-04      
8.03750000e+01      4.13965949e-04      
8.11250000e+01      4.51566031e-04      
8.18750000e+01      5.45292448e-04      
8.26250000e+01      6.95145201e-04      
8.30749998e+01      9.37035634e-04      
8.32249994e+01      1.17892684e-03      
8.33749990e+01      1.17892684e-03      
8.35249987e+01      1.17892684e-03      
8.38999987e+01      1.04941935e-03      
8.44999990e+01      8.63250421e-04      
8.50999994e+01      9.28594149e-04      
8.56999998e+01      9.61266168e-04      
8.60625000e+01      9.90891314e-04      
8.61875000e+01      1.01903523e-03      
8.63125000e+01      1.01903523e-03      
8.64375000e+01      1.01903523e-03      
8.65625000e+01      1.01903523e-03      
8.66875000e+01      1.01903523e-03      
8.68125000e+01      1.01903523e-03      
8.69375000e+01      1.01903523e-03      
8.70625000e+01      1.21287642e-03      
8.71875000e+01      1.21287642e-03      
8.73125000e+01      1.21287642e-03      
8.74375000e+01      1.21287642e-03      
8.75625000e+01      1.21287642e-03      
8.76875000e+01      1.21287642e-03      
8.78125000e+01      1.21287642e-03      
8.79375000e+01      1.21287642e-03      
8.80625000e+01      1.38618360e-03      
8.81875000e+01      1.38618360e-03      
8.83125000e+01      1.38618360e-03      
8.84375000e+01      1.38618360e-03      
8.85625000e+01      1.38618360e-03      
8.86875000e+01      1.38618360e-03      
8.88125000e+01      1.38618360e-03      
8.89375000e+01      1.38618360e-03      
8.90625000e+01      1.68598037e-03      
8.91875000e+01      1.68598037e-03      
8.93125000e+01      1.68598037e-03      
8.94375000e+01      1.68598037e-03      
8.95625000e+01      1.68598037e-03      
8.96875000e+01      1.68598037e-03      
8.98125000e+01      1.68598037e-03      
8.99375000e+01      1.68598037e-03      
9.00625000e+01      1.98550335e-03      
9.01875000e+01      1.98550335e-03      
9.03125000e+01      1.98550335e-03      
9.04375000e+01      1.98550335e-03      
9.05749998e+01      1.98550335e-03      
9.07249994e+01      1.98550335e-03      
9.08749990e+01      1.98550335e-03      
9.10249987e+01      1.68775167e-03      
9.11499987e+01      1.51760136e-03      
9.12499990e+01      1.51760136e-03      
9.13499994e+01      1.51760136e-03      
9.14499998e+01      1.51760136e-03      
9.15625000e+01      1.51760136e-03      
9.16875000e+01      1.51760136e-03      
9.18125000e+01      1.51760136e-03      
9.19375000e+01      1.51760136e-03      
9.20375004e+01      6.81218138e-04      
9.21125011e+01      5.41824479e-04      
9.21875019e+01      5.41824479e-04      
9.22625027e+01      5.41824479e-04      
9.23500023e+01      5.41824479e-04      
9.24500008e+01      5.41824479e-04      
9.25499992e+01      5.41824479e-04      
9.26499977e+01      5.41824479e-04      
9.27374973e+01      5.41824479e-04      
9.28124981e+01      5.41824479e-04      
9.28874989e+01      5.41824479e-04      
9.29624996e+01      5.41824479e-04      
9.30375004e+01      4.74199090e-04      
9.31125011e+01      4.74199090e-04      
9.31875019e+01      4.74199090e-04      
9.32625027e+01      4.74199090e-04      
9.33625031e+01      4.74199090e-04      
9.34875031e+01      4.74199090e-04      
9.36125031e+01      4.74199090e-04      
9.37375031e+01      4.74199090e-04      
9.38500023e+01      4.74199090e-04      
9.39500008e+01      4.74199090e-04      
9.40499992e+01      3.38126949e-04      
9.41499977e+01      3.38126949e-04      
9.42749977e+01      3.38126949e-04      
9.44249992e+01      3.38126949e-04      
9.45750008e+01      3.38126949e-04      
9.47250023e+01      3.38126949e-04      
9.48375025e+01      3.38126949e-04      
9.49125013e+01      3.38126949e-04      
9.49875002e+01      2.90278107e-04      
9.50624990e+01      1.94580423e-04      
9.51374989e+01      1.94580423e-04      
9.52124996e+01      1.94580423e-04      
9.52875004e+01      1.94580423e-04      
9.53625011e+01      1.94580423e-04      
9.54250011e+01      1.94580423e-04      
9.54750004e+01      1.94580423e-04      
9.55249996e+01      1.94580423e-04      
9.55749989e+01      1.94580423e-04      
9.56124983e+01      1.94580423e-04      
9.56374979e+01      1.94580423e-04      
9.56624975e+01      1.94580423e-04      
9.56874971e+01      1.94580423e-04      
9.57499971e+01      1.94580423e-04      
9.58499975e+01      1.94580423e-04      
9.59499979e+01      1.94580423e-04      
9.60499983e+01      2.02328456e-04      
9.61624985e+01      2.02328595e-04      
9.62874985e+01      2.02328595e-04      
9.64124985e+01      2.02328595e-04      
9.65374985e+01      2.02328595e-04      
9.66124983e+01      2.02328595e-04      
9.66374979e+01      2.02328595e-04      
9.66624975e+01      2.02328595e-04      
9.66874971e+01      2.02328595e-04      
9.67499971e+01      2.02328595e-04      
9.68499975e+01      2.02328595e-04      
9.69499979e+01      2.02328595e-04      
9.70499983e+01      3.63308809e-03      
9.71499987e+01      3.63315353e-03      
9.72499990e+01      3.63315353e-03      
9.73499994e+01      3.63315353e-03      
9.74499998e+01      3.63315353e-03      
9.75625000e+01      3.63315353e-03      
9.76875000e+01      3.63315353e-03      
9.78125000e+01      3.63315353e-03      
9.79375000e+01      3.63315353e-03      
9.80625000e+01      4.12049440e-04      
9.81875000e+01      4.12049440e-04      
9.83125000e+01      4.12049440e-04      
9.84375000e+01      4.12049440e-04      
9.85124998e+01      4.12049440e-04      
9.85374994e+01      4.12049440e-04      
9.85624990e+01      4.12049440e-04      
9.85874987e+01      4.12049440e-04      
9.86249990e+01      4.12049440e-04      
9.86750002e+01      4.12049440e-04      
9.87250013e+01      4.12049440e-04      
9.87750025e+01      4.12049440e-04      
9.88375025e+01      4.12049440e-04      
9.89125013e+01      4.12049440e-04      
9.89875002e+01      4.86610767e-04      
9.90624990e+01      6.35733421e-04      
9.91249990e+01      6.35733421e-04      
9.91750002e+01      6.35733421e-04      
9.92250013e+01      6.35733421e-04      
9.92750025e+01      6.35733421e-04      
9.93875029e+01      6.35733421e-04      
9.95625025e+01      6.35733421e-04      
9.97375021e+01      6.35733421e-04      
9.99125017e+01      4.92852042e-04      
1.00300001e+02      2.57524055e-04      
1.00900002e+02      2.70884962e-04      
1.01500002e+02      2.97606472e-04      
1.02100002e+02      1.73835832e-03      
1.02475001e+02      2.74060790e-03      
1.02625001e+02      2.74060790e-03      
1.02775001e+02      2.74060790e-03      
1.02925000e+02      2.74060790e-03      
1.03062500e+02      2.82404781e-03      
1.03187500e+02      2.82821974e-03      
1.03312500e+02      2.82821974e-03      
1.03437500e+02      2.82821974e-03      
1.03625000e+02      2.82821974e-03      
1.03875000e+02      2.82821974e-03      
1.04125000e+02      4.10680505e-04      
1.04375000e+02      4.10680505e-04      
1.04650000e+02      4.10680505e-04      
1.04949999e+02      3.89690435e-04      
1.05249998e+02      3.47709494e-04      
1.05549997e+02      3.47709494e-04      
1.05862497e+02      3.46399733e-04      
1.06187498e+02      3.31008487e-04      
1.06512499e+02      3.31008487e-04      
1.06837500e+02      3.31008487e-04      
1.07125000e+02      3.49855207e-04      
1.07375000e+02      3.51268725e-04      
1.07625000e+02      3.51268725e-04      
1.07875000e+02      3.51268725e-04      
1.08125000e+02      5.89189631e-04      
1.08375000e+02      5.89189631e-04      
1.08625000e+02      5.89189631e-04      
1.08875000e+02      5.89189631e-04      
1.09125000e+02      3.96443581e-04      
1.09375000e+02      3.96443581e-04      
1.09625000e+02      3.96443581e-04      
1.09875000e+02      3.96443581e-04      
1.10125000e+02      4.22727133e-04      
1.10375000e+02      4.22727133e-04      
1.10625000e+02      4.22727133e-04      
1.10875000e+02      4.22727133e-04      
1.11013889e+02      4.09676546e-04      
1.11041667e+02      3.83575591e-04      
1.11069445e+02      3.83575591e-04      
1.11097223e+02      3.83575591e-04      
1.11222223e+02      3.83575591e-04      
1.11444445e+02      3.83575591e-04      
1.11666667e+02      3.83575591e-04      
1.11888889e+02      3.84786901e-04      
1.12125000e+02      4.23548494e-04      
1.12375000e+02      4.23548494e-04      
1.12625000e+02      4.23548494e-04      
1.12875000e+02      4.23548494e-04      
1.13125000e+02      3.26354108e-04      
1.13375000e+02      3.26354108e-04      
1.13625000e+02      3.26354108e-04      
1.13875000e+02      3.26354108e-04      
1.14125000e+02      2.20809218e-04      
1.14375000e+02      2.20809218e-04      
1.14625000e+02      2.20809218e-04      
1.14875000e+02      2.20809218e-04      
1.15087500e+02      3.49029674e-04      
1.15262499e+02      3.62767779e-04      
1.15437498e+02      3.62767779e-04      
1.15612497e+02      3.62767779e-04      
1.15774998e+02      3.62767779e-04      
1.15924999e+02      3.62767779e-04      
1.16075001e+02      4.10132931e-04      
1.16225002e+02      4.10132931e-04      
1.16387503e+02      4.10132931e-04      
1.16562502e+02      4.10132931e-04      
1.16737501e+02      4.10132931e-04      
1.16912500e+02      4.10132931e-04      
1.17075000e+02      1.71379779e-03      
1.17224999e+02      1.76811647e-03      
1.17374999e+02      1.76811647e-03      
1.17524999e+02      1.76811647e-03      
1.17687499e+02      1.76811647e-03      
1.17862500e+02      1.76811647e-03      
1.18037501e+02      8.34885773e-04      
1.18212502e+02      4.61604887e-04      
1.18387503e+02      4.61604887e-04      
1.18562502e+02      4.61604887e-04      
1.18737501e+02      4.61604887e-04      
1.18912500e+02      4.99049984e-04      
1.19100000e+02      1.54744414e-03      
1.19300001e+02      1.54744414e-03      
1.19500002e+02      1.54744414e-03      
1.19700003e+02      1.50791311e-03      
1.19887503e+02      1.68441602e-03      
1.20062502e+02      1.68374866e-03      
1.20237501e+02      1.52010760e-03      
1.20412500e+02      4.46985622e-03      
1.20587500e+02      1.12592898e-02      
1.20762499e+02      8.29540629e-03      
1.20937498e+02      3.02372191e-03      
1.21112497e+02      6.15342203e-03      
1.21299997e+02      1.54602960e-01      
1.21499998e+02      6.37988840e-01      
1.21699999e+02      4.21498347e-01      
1.21900000e+02      4.34948634e-02      
1.22087500e+02      4.16019561e-03      
1.22262499e+02      1.94960462e-03      
1.22437498e+02      1.40163626e-03      
1.22612497e+02      1.18103400e-03      
1.22799997e+02      1.10005095e-03      
1.22999998e+02      9.59796079e-04      
1.23199999e+02      8.51204122e-04      
1.23400000e+02      8.20283595e-04      
1.23587500e+02      9.39277215e-04      
1.23762499e+02      1.68722681e-03      
1.23937498e+02      1.80081917e-03      
1.24112497e+02      1.34888491e-03      
1.24299997e+02      1.28139805e-03      
1.24499998e+02      7.77216780e-04      
1.24699999e+02      6.36760182e-04      
1.24900000e+02      6.35288499e-04      
1.25100000e+02      6.57602291e-04      
1.25300001e+02      7.82826368e-04      
1.25500002e+02      8.43640208e-04      
1.25700003e+02      9.27730914e-04      
1.25900002e+02      1.43810639e-03      
1.26100001e+02      1.37149797e-03      
1.26300000e+02      1.35863377e-03      
1.26499999e+02      2.19426738e-03      
1.26699999e+02      1.12253249e-03      
1.26900000e+02      5.10784243e-04      
1.27100000e+02      4.78853457e-04      
1.27300001e+02      5.43981418e-04      
1.27500001e+02      7.79848844e-04      
1.27700000e+02      8.64174532e-04      
1.27899999e+02      8.03462905e-04      
1.28099998e+02      6.21944226e-04      
1.28299997e+02      4.29709864e-04      
1.28499998e+02      4.10440471e-04      
1.28699999e+02      5.95005999e-04      
1.28900000e+02      7.35715667e-04      
1.29112499e+02      5.33142340e-04      
1.29337498e+02      5.34065013e-04      
1.29562496e+02      7.32044125e-04      
1.29787495e+02      8.42317181e-04      
1.29999994e+02      2.29137066e-03      
1.30199995e+02      5.38327877e-03      
1.30399996e+02      7.82990625e-03      
1.30599997e+02      7.59109944e-03      
1.30812498e+02      2.57819774e-03      
1.31037500e+02      1.31262521e-03      
1.31262503e+02      8.06663940e-04      
1.31487505e+02      7.03486835e-04      
1.31700005e+02      8.57909031e-04      
1.31900002e+02      7.87752265e-04      
1.32099998e+02      5.60476529e-04      
1.32299995e+02      5.97194276e-04      
1.32512495e+02      6.04639724e-04      
1.32737497e+02      7.36331422e-04      
1.32962500e+02      8.83814677e-04      
1.33187502e+02      2.58240663e-03      
1.33412502e+02      1.44466123e-02      
1.33637501e+02      1.13116210e-02      
1.33862499e+02      1.31442604e-03      
1.34087498e+02      5.75804307e-04      
1.34312498e+02      5.88702915e-04      
1.34537500e+02      5.96977412e-04      
1.34762503e+02      6.41637187e-04      
1.34987505e+02      9.61336094e-04      
1.35212505e+02      1.16855245e-03      
1.35437504e+02      1.44158946e-03      
1.35662502e+02      1.60177216e-03      
1.35887501e+02      1.24426473e-03      
1.36125000e+02      9.42304427e-04      
1.36375000e+02      8.75242292e-04      
1.36625000e+02      8.06631269e-04      
1.36875000e+02      9.18983470e-04      
1.37112499e+02      1.04235894e-03      
1.37337498e+02      9.33250384e-04      
1.37562496e+02      8.21483301e-04      
1.37787495e+02      8.68960339e-04      
1.38024994e+02      9.71584917e-04      
1.38274994e+02      9.18557508e-04      
1.38524994e+02      9.09874563e-04      
1.38774994e+02      9.79453013e-04      
1.39137495e+02      3.28008360e-03      
1.39612497e+02      2.88045771e-03      
1.40087500e+02      2.85583966e-03      
1.40562502e+02      2.06347657e-03      
1.41050003e+02      1.38257979e-03      
1.41550003e+02      1.37393142e-03      
1.42050003e+02      1.37853225e-03      
1.42550003e+02      1.68864794e-03      
1.42807146e+02      1.43585179e-03      
1.42821433e+02      1.38782424e-03      
1.42835719e+02      1.38289815e-03      
1.42850006e+02      1.42237104e-03      
1.43112505e+02      1.76976041e-03      
1.43623216e+02      1.66910767e-03      
1.44133927e+02      1.59012766e-03      
1.44644638e+02      1.67501797e-03      
1.45162495e+02      1.68087812e-03      
1.45687496e+02      1.81528568e-03      
1.46212498e+02      1.97525486e-03      
1.46737499e+02      2.34363847e-03      
1.47275000e+02      3.09910817e-03      
1.47824999e+02      2.31166986e-03      
1.48374998e+02      2.81929743e-03      
1.48924997e+02      2.43970147e-03      
1.49487497e+02      2.43860000e-03      
1.50062498e+02      2.63900811e-03      
1.50637499e+02      2.68383853e-03      
1.51212500e+02      2.91797415e-03      
1.51787500e+02      2.83369561e-03      
1.52362501e+02      3.56899646e-03      
1.52937502e+02      4.03252672e-03      
1.53512503e+02      4.42910299e-03      
1.54100002e+02      3.78471653e-03      
1.54700001e+02      9.46357663e-03      
1.55299999e+02      6.23014323e-03      
1.55899998e+02      6.70359524e-03      
1.56512497e+02      5.08475866e-03      
1.57137497e+02      5.62916494e-03      
1.57762497e+02      5.10197261e-03      
1.58387497e+02      4.98400572e-03      
1.59024998e+02      5.31614619e-03      
1.59674999e+02      5.08959584e-03      
1.60325001e+02      5.64380297e-03      
1.60975002e+02      6.60290549e-03      
1.61625002e+02      6.61090036e-03      
1.62275000e+02      7.67298613e-03      
1.62924997e+02      7.94719152e-03      
1.63574995e+02      8.80368442e-03      
1.64245829e+02      1.02045256e-02      
1.64937498e+02      8.29630706e-03      
1.65629167e+02      1.75466592e-02      
1.66320837e+02      1.08297713e-02      
1.66670837e+02      1.01843656e-02      
1.66679169e+02      1.01054783e-02      
1.66687500e+02      1.01054783e-02      
1.66695831e+02      1.04655773e-02      
1.67049997e+02      1.27202504e-02      
1.67749998e+02      1.14388201e-02      
1.68449999e+02      1.31382514e-02      
1.69150000e+02      1.60071362e-02      
1.69862499e+02      1.92203662e-02      
1.70587498e+02      2.01251353e-02      
1.71312496e+02      2.00573506e-02      
1.72037495e+02      2.18193243e-02      
1.72587494e+02      2.24281684e-02      
1.72962494e+02      2.06994282e-02      
1.73337494e+02      2.14422377e-02      
1.73712494e+02      2.28345426e-02      
1.74087494e+02      2.53562735e-02      
1.74462494e+02      2.74124713e-02      
1.74837494e+02      2.67527981e-02      
1.75212494e+02      3.06335602e-02      
1.75599995e+02      3.33515804e-02      
1.75999996e+02      3.48393858e-02      
1.76399998e+02      3.31504840e-02      
1.76799999e+02      3.72726644e-02      
1.77200001e+02      4.40078362e-02      
1.77600002e+02      3.94578389e-02      
1.78000004e+02      4.50191713e-02      
1.78400005e+02      4.57481158e-02      
1.78800005e+02      4.81762846e-02      
1.79200003e+02      4.72555912e-02      
1.79600000e+02      4.46461061e-02      
1.79999998e+02      4.96512564e-02      
1.80399998e+02      5.30479216e-02      
1.80799999e+02      6.44425870e-02      
1.81200001e+02      5.38983892e-02      
1.81600002e+02      8.18734590e-02      
1.82012503e+02      6.90775169e-02      
1.82437502e+02      6.80940390e-02      
1.82862501e+02      6.33172749e-02      
1.83287500e+02      6.87092697e-02      
1.83712500e+02      7.06515417e-02      
1.84137499e+02      6.30773164e-02      
1.84562498e+02      5.96147467e-02      
1.84987497e+02      5.71924818e-02      
1.85412497e+02      7.02600070e-02      
1.85837496e+02      7.29482079e-02      
1.86262495e+02      7.47325397e-02      
1.86687494e+02      8.22684100e-02      
1.87124994e+02      9.33690785e-02      
1.87574995e+02      9.06402671e-02      
1.88024996e+02      8.73380296e-02      
1.88474997e+02      9.87138343e-02      
1.88924997e+02      1.04845135e-01      
1.89374998e+02      1.12719645e-01      
1.89824999e+02      1.02066302e-01      
1.90275000e+02      1.08734495e-01      
1.90725000e+02      1.16792978e-01      
1.91175001e+02      1.17535248e-01      
1.91625002e+02      1.26468310e-01      
1.92075003e+02      1.32967508e-01      
1.92537502e+02      1.28795229e-01      
1.93012501e+02      1.08860530e-01      
1.93487499e+02      9.05889088e-02      
1.93962498e+02      1.33071745e-01      
1.94437498e+02      1.65517210e-01      
1.94912500e+02      1.67315506e-01      
1.95387503e+02      1.58759062e-01      
1.95862505e+02      1.65789534e-01      
1.96337505e+02      1.69617119e-01      
1.96812504e+02      1.97700145e-01      
1.97287502e+02      1.84780242e-01      
1.97762501e+02      1.79134566e-01      
1.98250000e+02      1.89584336e-01      
1.98750000e+02      1.74845856e-01      
1.99250000e+02      1.95921979e-01      
1.99750000e+02      1.98424395e-01      
2.00000000e+02      2.02755707e-01      
2.00000001e+02      2.03204714e-01      
2.00000002e+02      2.03204714e-01      
2.00000003e+02      2.03960460e-01      
2.00250003e+02      2.12498918e-01      
2.00750002e+02      2.20267162e-01      
2.01250001e+02      2.30714848e-01      
2.01750000e+02      2.40995108e-01      
2.02262501e+02      2.40330540e-01      
2.02787502e+02      2.41668027e-01      
2.03312504e+02      2.64314003e-01      
2.03837505e+02      2.72958003e-01      
2.04362505e+02      2.99152917e-01      
2.04887503e+02      3.07050810e-01      
2.05412500e+02      3.10106809e-01      
2.05937498e+02      3.08667476e-01      
2.06462498e+02      3.17801432e-01      
2.06987499e+02      3.42617025e-01      
2.07512501e+02      3.73021791e-01      
2.08037502e+02      3.88663572e-01      
2.08575003e+02      4.37902949e-01      
2.09125002e+02      5.36366427e-01      
2.09675001e+02      6.53472541e-01      
2.10225000e+02      7.51319733e-01      
2.10787500e+02      8.41941280e-01      
2.11362501e+02      9.29697932e-01      
2.11937502e+02      1.09331430e+00      
2.12512503e+02      8.32472189e-01      
2.13087503e+02      8.87249346e-01      
2.13662504e+02      9.38171804e-01      
2.14237505e+02      1.18450568e+00      
2.14812506e+02      1.12713338e+00      
2.15387505e+02      1.09074944e+00      
2.15962502e+02      9.43630600e-01      
2.16537498e+02      9.22629304e-01      
2.17112495e+02      9.33125291e-01      
2.17724995e+02      1.02367673e+00      
2.18374996e+02      1.35545236e+00      
2.19024998e+02      1.24447304e+00      
2.19674999e+02      1.41097120e+00      
2.20275000e+02      1.45056395e+00      
2.20824999e+02      1.22350046e+00      
2.21374998e+02      1.09078689e+00      
2.21924997e+02      1.19975206e+00      
2.22512497e+02      1.40989162e+00      
2.23137497e+02      1.66659666e+00      
2.23762497e+02      1.89086492e+00      
2.24387497e+02      1.65245635e+00      
2.25024998e+02      1.64040464e+00      
2.25674999e+02      1.43634168e+00      
2.26325001e+02      1.18023006e+00      
2.26975002e+02      9.56321246e-01      
2.27625002e+02      1.13873972e+00      
2.28275000e+02      1.50070024e+00      
2.28924997e+02      1.39255723e+00      
2.29574995e+02      1.35403567e+00      
2.30237495e+02      1.36338211e+00      
2.30912498e+02      1.54246086e+00      
2.31587502e+02      1.43189533e+00      
2.32262505e+02      1.53932760e+00      
2.32937506e+02      1.37116552e+00      
2.33612505e+02      1.23055496e+00      
2.34287504e+02      1.07133945e+00      
2.34962503e+02      1.20884697e+00      
2.35587884e+02      1.55387651e+00      
2.36163647e+02      1.35630988e+00      
2.36739410e+02      1.32908125e+00      
2.37315172e+02      1.47372300e+00      
2.37665173e+02      1.38511986e+00      
2.37789411e+02      1.51466115e+00      
2.37913649e+02      1.31262773e+00      
2.38037887e+02      1.09234985e+00      
2.38462505e+02      1.15035726e+00      
2.39187504e+02      1.30583983e+00      
2.39912502e+02      1.14991074e+00      
2.40637501e+02      1.10703479e+00      
2.41362499e+02      1.27378666e+00      
2.42087498e+02      1.88948851e+00      
2.42812496e+02      2.00283078e+00      
2.43537495e+02      1.84722591e+00      
2.44274994e+02      1.83111379e+00      
2.45024994e+02      1.50715467e+00      
2.45774994e+02      1.39939866e+00      
2.46524994e+02      1.38273184e+00      
2.47287495e+02      1.56551141e+00      
2.48062496e+02      1.42008611e+00      
2.48837498e+02      1.20983264e+00      
2.49612499e+02      1.67883829e+00      
2.50400000e+02      1.69407517e+00      
2.51199999e+02      1.45748334e+00      
2.51999998e+02      1.16240405e+00      
2.52799997e+02      1.19474027e+00      
2.53599997e+02      1.48263830e+00      
2.54399996e+02      1.63883185e+00      
2.55199995e+02      2.01448299e+00      
2.55999994e+02      2.44681367e+00      
2.56812496e+02      3.17649450e+00      
2.57637501e+02      3.46431637e+00      
2.58462505e+02      3.53474715e+00      
2.59287510e+02      3.33041107e+00      
2.60137512e+02      2.50921911e+00      
2.61012512e+02      2.27047943e+00      
2.61887512e+02      2.81849070e+00      
2.62762512e+02      2.90824312e+00      
2.63637512e+02      5.04570560e+00      
2.64512512e+02      7.08203701e+00      
2.65387512e+02      7.07386594e+00      
2.66262512e+02      7.18409129e+00      
2.67150009e+02      7.03616029e+00      
2.68050003e+02      7.08633869e+00      
2.68949997e+02      6.80602622e+00      
2.69849991e+02      7.07644901e+00      
2.70762489e+02      7.54466871e+00      
2.71687492e+02      6.01377041e+00      
2.72612495e+02      5.76037084e+00      
2.73537498e+02      5.84898893e+00      
2.74125601e+02      4.19400388e+00      
2.74376802e+02      3.55845116e+00      
2.74628003e+02      3.82181568e+00      
2.74879204e+02      3.65573538e+00      
2.75354202e+02      4.81410031e+00      
2.76052998e+02      6.31766758e+00      
2.76751794e+02      7.15552874e+00      
2.77450590e+02      6.91995629e+00      
2.78287491e+02      4.89982053e+00      
2.79262497e+02      2.93820275e+00      
2.80237503e+02      2.31799607e+00      
2.81212509e+02      4.88846956e+00      
2.82113240e+02      7.66038172e+00      
2.82939697e+02      8.88948511e+00      
2.83766153e+02      8.79111277e+00      
2.84592609e+02      7.03980528e+00      
2.85092609e+02      4.24843280e+00      
2.85266153e+02      3.13793300e+00      
2.85439697e+02      3.47358440e+00      
2.85613240e+02      5.17758402e+00      
2.86225010e+02      8.78280822e+00      
2.87275005e+02      9.97395042e+00      
2.88325001e+02      8.71752345e+00      
2.89374996e+02      1.26081646e+01      
2.90424995e+02      1.69594972e+01      
2.91474998e+02      1.63978565e+01      
2.92525002e+02      1.45448353e+01      
2.93575005e+02      1.52015316e+01      
2.94650005e+02      1.43482096e+01      
2.95750004e+02      1.58967683e+01      
2.96850002e+02      1.32454578e+01      
2.97950001e+02      1.45597811e+01      
2.99062500e+02      1.34356641e+01      
3.00187500e+02      1.23444816e+01      
3.01312500e+02      1.30946824e+01      
3.02437500e+02      1.33651833e+01      
3.03513304e+02      1.76484890e+01      
3.04539913e+02      1.69751874e+01      
3.05566522e+02      1.67011834e+01      
3.06593131e+02      1.59214641e+01      
3.07180632e+02      1.75283864e+01      
3.07329027e+02      1.77185976e+01      
3.07477421e+02      1.79691534e+01      
3.07625815e+02      1.75930709e+01      
3.08300011e+02      1.77734305e+01      
3.09500008e+02      1.43765214e+01      
3.10700005e+02      1.90071349e+01      
3.11900002e+02      1.95752308e+01      
3.13125000e+02      1.93049532e+01      
3.14375000e+02      1.92052066e+01      
3.15625000e+02      1.74960058e+01      
3.16875000e+02      2.02802805e+01      
3.18125000e+02      1.94856839e+01      
3.19375000e+02      1.99839652e+01      
3.20625000e+02      2.22501123e+01      
3.21875000e+02      1.98784390e+01      
3.23125000e+02      1.82787464e+01      
3.24375000e+02      2.13678293e+01      
3.25625000e+02      2.55106220e+01      
3.26875000e+02      2.74912096e+01      
3.27713409e+02      2.69013393e+01      
3.28140227e+02      2.59222693e+01      
3.28567045e+02      2.58541402e+01      
3.28993862e+02      2.76932238e+01      
3.29618862e+02      3.08320733e+01      
3.30442045e+02      2.88472217e+01      
3.31265227e+02      2.73422010e+01      
3.32088409e+02      2.72519440e+01      
3.33125000e+02      2.64884519e+01      
3.34375000e+02      2.70093157e+01      
3.35625000e+02      2.59567251e+01      
3.36875000e+02      2.29022523e+01      
3.37962972e+02      2.53589462e+01      
3.38888917e+02      2.69104113e+01      
3.39814862e+02      2.83727574e+01      
3.40740807e+02      2.78925686e+01      
3.41365807e+02      2.60735210e+01      
3.41689862e+02      2.56235789e+01      
3.42013917e+02      2.84271715e+01      
3.42337972e+02      2.77501313e+01      
3.42812500e+02      2.88319806e+01      
3.43437500e+02      2.82092934e+01      
3.44062500e+02      2.26561023e+01      
3.44687500e+02      2.48426484e+01      
3.46250000e+02      2.65173557e+01      
3.48750000e+02      2.54243988e+01      
3.51250000e+02      2.85253510e+01      
3.53750000e+02      2.95036259e+01      
3.56250000e+02      2.70715359e+01      
3.58750000e+02      2.42120229e+01      
3.61250000e+02      2.67061864e+01      
3.63750000e+02      2.91021840e+01      
3.66250000e+02      3.41215650e+01      
3.68750000e+02      3.32495698e+01      
3.71250000e+02      3.24436268e+01      
3.73750000e+02      2.71844063e+01      
3.76250000e+02      3.11134913e+01      
3.78750000e+02      3.47290217e+01      
3.81250000e+02      3.07270935e+01      
3.83750000e+02      2.19697670e+01      
3.85625050e+02      2.82603842e+01      
3.86875151e+02      2.86213503e+01      
3.88125252e+02      2.82424183e+01      
3.89375353e+02      3.16849998e+01      
3.90625353e+02      3.47586949e+01      
3.91875252e+02      3.44242944e+01      
3.93125151e+02      2.02225051e+01      
3.94375050e+02      2.84079233e+01      
3.96250000e+02      2.69444624e+01      
3.98750000e+02      4.07268106e+01      
4.01250000e+02      4.78693741e+01      
4.03750000e+02      4.73563137e+01      
4.06250000e+02      4.56961624e+01      
4.08750000e+02      4.68950877e+01      
4.11250000e+02      4.71097363e+01      
4.13750000e+02      4.86821733e+01      
4.16250000e+02      4.89603655e+01      
4.18750000e+02      4.77995342e+01      
4.21250000e+02      4.90729441e+01      
4.23750000e+02      4.73515000e+01      
4.26250000e+02      4.70986292e+01      
4.28750000e+02      4.43923332e+01      
4.31250000e+02      4.04563423e+01      
4.33750000e+02      4.52578097e+01      
4.36250000e+02      4.97388779e+01      
4.38750000e+02      4.84197870e+01      
4.41250000e+02      5.21787083e+01      
4.43750000e+02      5.40895766e+01      
4.45625561e+02      5.19847344e+01      
4.46876683e+02      5.41908898e+01      
4.48127805e+02      5.59473891e+01      
4.49378927e+02      5.60005876e+01      
4.50628927e+02      5.92573772e+01      
4.51877805e+02      5.83659048e+01      
4.53126683e+02      5.28850888e+01      
4.54375561e+02      5.71196980e+01      
4.56250000e+02      5.77864123e+01      
4.58750000e+02      5.71706544e+01      
4.61250000e+02      5.76271687e+01      
4.63750000e+02      5.74346256e+01      
4.66250000e+02      5.57263493e+01      
4.68750000e+02      5.62878706e+01      
4.71250000e+02      5.54323093e+01      
4.73750000e+02      5.72298471e+01      
4.76250000e+02      5.69983011e+01      
4.78750000e+02      5.79248033e+01      
4.81250000e+02      5.79521976e+01      
4.83750000e+02      5.65894869e+01      
4.86250000e+02      4.91617673e+01      
4.88750000e+02      5.41893549e+01      
4.91250000e+02      5.44688450e+01      
4.93750000e+02      5.49448369e+01      
4.96250000e+02      5.55043687e+01      
4.98750000e+02      5.41572759e+01      
5.01250000e+02      5.12531076e+01      
5.03750000e+02      5.32590199e+01      
5.06250000e+02      5.43335758e+01      
5.08750000e+02      5.16186010e+01      
5.11250000e+02      5.35782266e+01      
5.13750000e+02      5.07146948e+01      
5.16250000e+02      4.82085953e+01      
5.18750000e+02      4.83083452e+01      
5.21250000e+02      5.16521368e+01      
5.23750000e+02      5.10223073e+01      
5.26250000e+02      4.96724348e+01      
5.28750000e+02      5.21278127e+01      
5.31250000e+02      5.30202828e+01      
5.33750000e+02      5.03825535e+01      
5.35626888e+02      5.29797297e+01      
5.36880663e+02      5.13396925e+01      
5.38134438e+02      5.23407147e+01      
5.39388214e+02      5.13641987e+01      
5.40638214e+02      4.91738144e+01      
5.41884438e+02      5.14862544e+01      
5.43130663e+02      5.06341635e+01      
5.44376888e+02      5.21810922e+01      
5.45563869e+02      5.23920683e+01      
5.46691608e+02      5.25393820e+01      
5.47819347e+02      5.12898115e+01      
5.48947086e+02      5.18718547e+01      
5.50197086e+02      5.22535424e+01      
5.51569347e+02      5.18154108e+01      
5.52941608e+02      5.12056740e+01      
5.54313869e+02      5.25023200e+01      
5.56250000e+02      5.13249830e+01      
5.58750000e+02      4.96733293e+01      
5.61250000e+02      5.01055349e+01      
5.63750000e+02      5.11677832e+01      
5.65200540e+02      5.05545530e+01      
5.65601619e+02      4.96762415e+01      
5.66002698e+02      4.74213347e+01      
5.66403777e+02      4.95741963e+01      
5.67653777e+02      5.05293717e+01      
5.69752698e+02      4.97074397e+01      
5.71851619e+02      4.98265396e+01      
5.73950540e+02      5.13048530e+01      
5.76250000e+02      5.01562986e+01      
5.78750000e+02      4.97481750e+01      
5.81250000e+02      5.03575126e+01      
5.83750000e+02      5.06371857e+01      
5.86250000e+02      4.93356429e+01      
5.88750000e+02      4.69578543e+01      
5.91250000e+02      4.92348762e+01      
5.93750000e+02      4.90124923e+01      
5.96250000e+02      4.87691864e+01      
5.98750000e+02      4.83061409e+01      
6.01250000e+02      4.74663998e+01      
6.03750000e+02      4.81012541e+01      
6.05004234e+02      4.84583123e+01      
6.05012703e+02      4.85444337e+01      
6.05021172e+02      4.85542085e+01      
6.05029640e+02      4.82825013e+01      
6.06279640e+02      4.82126022e+01      
6.08771172e+02      4.78069738e+01      
6.11262703e+02      4.73188894e+01      
6.13754234e+02      4.64214842e+01      
6.16250000e+02      4.56251188e+01      
6.18750000e+02      4.66279572e+01      
6.21250000e+02      4.66083690e+01      
6.23750000e+02      4.53568570e+01      
6.26250000e+02      4.56710011e+01      
6.28750000e+02      4.62702832e+01      
6.31250000e+02      4.51030078e+01      
6.33750000e+02      4.52770714e+01      
6.36250000e+02      4.50813038e+01      
6.38750000e+02      4.51328703e+01      
6.41250000e+02      4.40792767e+01      
6.43750000e+02      4.45997874e+01      
6.46250000e+02      4.39445564e+01      
6.48750000e+02      4.35803503e+01      
6.51250000e+02      4.39531057e+01      
6.53750000e+02      4.33352009e+01      
6.56250000e+02      3.84437010e+01      
6.58750000e+02      4.21233296e+01      
6.61250000e+02      4.28767764e+01      
6.63750000e+02      4.20733786e+01      
6.65208336e+02      4.20785571e+01      
6.65625007e+02      4.23132216e+01      
6.66041679e+02      4.21366246e+01      
6.66458351e+02      4.12745103e+01      
6.67708351e+02      4.21091654e+01      
6.69791679e+02      4.24156447e+01      
6.71875007e+02      4.22663566e+01      
6.73958336e+02      4.23242827e+01      
6.76250000e+02      4.18541603e+01      
6.78750000e+02      4.13505115e+01      
6.81250000e+02      4.10300504e+01      
6.83750000e+02      4.08165377e+01      
6.85760623e+02      4.10368559e+01      
6.87281868e+02      4.14094158e+01      
6.88803113e+02      4.08555946e+01      
6.90324358e+02      4.05639080e+01      
6.91574358e+02      4.00670103e+01      
6.92553113e+02      3.99881696e+01      
6.93531868e+02      4.00381679e+01      
6.94510623e+02      4.01129471e+01      
6.96250000e+02      4.04642149e+01      
6.98750000e+02      4.00673159e+01      
7.01250000e+02      3.94859258e+01      
7.03750000e+02      3.98196980e+01      
7.06250000e+02      3.95577476e+01      
7.08750000e+02      3.91310102e+01      
7.11250000e+02      3.86311000e+01      
7.13750000e+02      3.80924172e+01      
7.16250000e+02      3.77748521e+01      
7.18750000e+02      3.73172491e+01      
7.21250000e+02      3.73777548e+01      
7.23750000e+02      3.73175588e+01      
7.26250000e+02      3.71000568e+01      
7.28750000e+02      3.63281100e+01      
7.31250000e+02      3.66228197e+01      
7.33750000e+02      3.65890847e+01      
7.36250000e+02      3.62351418e+01      
7.38750000e+02      3.55917395e+01      
7.41250000e+02      3.52023686e+01      
7.43750000e+02      3.56404988e+01      
7.45859962e+02      3.55777091e+01      
7.47579885e+02      3.57066284e+01      
7.49299808e+02      3.51613633e+01      
7.51019731e+02      3.50445775e+01      
7.52269731e+02      3.50368026e+01      
7.53049808e+02      3.51257951e+01      
7.53829885e+02      3.52988009e+01      
7.54609962e+02      3.51284650e+01      
7.56250000e+02      3.49737481e+01      
7.58750000e+02      3.46437440e+01      
7.61250000e+02      3.40342674e+01      
7.63750000e+02      3.43347953e+01      
7.66250000e+02      3.31904620e+01      
7.68750000e+02      3.36372471e+01      
7.71250000e+02      3.32624407e+01      
7.73750000e+02      3.32055182e+01      
7.75857604e+02      3.27791690e+01      
7.77572811e+02      3.26460256e+01      
7.79288018e+02      3.25435822e+01      
7.81003225e+02      3.24239111e+01      
7.82253225e+02      3.27095035e+01      
7.83038018e+02      3.22078634e+01      
7.83822811e+02      3.18899030e+01      
7.84607604e+02      3.22996780e+01      
7.86250000e+02      3.19959351e+01      
7.88750000e+02      3.21560359e+01      
7.91250000e+02      3.18053000e+01      
7.93750000e+02      3.09012735e+01      
7.96250000e+02      3.15645514e+01      
7.98750000e+02      3.13011012e+01      
8.01250000e+02      3.11406118e+01      
8.03750000e+02      3.09047652e+01      
8.06250000e+02      3.08662039e+01      
8.08750000e+02      3.05519894e+01      
8.11250000e+02      3.07700613e+01      
8.13750000e+02      3.08146301e+01      
8.16250000e+02      3.04891780e+01      
8.18750000e+02      2.96648729e+01      
8.21250000e+02      2.93849463e+01      
8.23750000e+02      2.97319988e+01      
8.26250000e+02      2.97146039e+01      
8.28750000e+02      2.94253752e+01      
8.31250000e+02      2.92955105e+01      
8.33750000e+02      2.83641901e+01      
8.35932497e+02      2.89599230e+01      
8.37797491e+02      2.86859448e+01      
8.39662485e+02      2.85286311e+01      
8.41527480e+02      2.85969347e+01      
8.42777480e+02      2.79751482e+01      
8.43412485e+02      2.77968428e+01      
8.44047491e+02      2.76138804e+01      
8.44682497e+02      2.84271830e+01      
8.46250000e+02      2.81571950e+01      
8.48750000e+02      2.72013344e+01      
8.51250000e+02      2.65113405e+01      
8.53750000e+02      2.36477712e+01      
8.56250000e+02      2.68868019e+01      
8.58750000e+02      2.70521020e+01      
8.61250000e+02      2.72098439e+01      
8.63750000e+02      2.75755310e+01      
8.66250000e+02      2.50263982e+01      
8.68750000e+02      2.69709904e+01      
8.71250000e+02      2.75023490e+01      
8.73750000e+02      2.69744793e+01      
8.76250000e+02      2.64140335e+01      
8.78750000e+02      2.65571944e+01      
8.81250000e+02      2.58990490e+01      
8.83750000e+02      2.60085093e+01      
8.85783196e+02      2.57530779e+01      
8.87349589e+02      2.53469049e+01      
8.88915982e+02      2.58779035e+01      
8.90482375e+02      2.59617646e+01      
8.91732375e+02      2.56310265e+01      
8.92665982e+02      2.50085300e+01      
8.93599589e+02      2.54790801e+01      
8.94533196e+02      2.49732464e+01      
8.96250000e+02      2.53991967e+01      
8.98750000e+02      2.51688159e+01      
9.01250000e+02      2.39710532e+01      
9.03750000e+02      2.50099648e+01      
9.06250000e+02      2.47376799e+01      
9.08750000e+02      2.40531470e+01      
9.11250000e+02      2.41320413e+01      
9.13750000e+02      2.44967532e+01      
9.16250000e+02      2.41762365e+01      
9.18750000e+02      2.40711187e+01      
9.21250000e+02      2.34226509e+01      
9.23750000e+02      2.29065434e+01      
9.26250000e+02      2.32207601e+01      
9.28750000e+02      2.35561593e+01      
9.31250000e+02      2.34802018e+01      
9.33750000e+02      2.34327589e+01      
9.36250000e+02      2.30944943e+01      
9.38750000e+02      2.30852826e+01      
9.41250000e+02      2.22089273e+01      
9.43750000e+02      2.25268635e+01      
9.46250000e+02      2.26403418e+01      
9.48750000e+02      2.26873709e+01      
9.51250000e+02      2.24356017e+01      
9.53750000e+02      2.19489406e+01      
9.55817304e+02      2.15769971e+01      
9.57451913e+02      2.19593346e+01      
9.59086521e+02      2.21795188e+01      
9.60721130e+02      2.17992966e+01      
9.61971130e+02      2.19842179e+01      
9.62836521e+02      2.16059147e+01      
9.63701913e+02      2.16049117e+01      
9.64567304e+02      2.17035849e+01      
9.66250000e+02      2.14715608e+01      
9.68750000e+02      2.15198856e+01      
9.71250000e+02      2.14723337e+01      
9.73750000e+02      2.11524273e+01      
9.76250000e+02      2.11557681e+01      
9.78750000e+02      2.10241922e+01      
9.81250000e+02      2.10439053e+01      
9.83750000e+02      2.08775097e+01      
9.86250000e+02      2.07531417e+01      
9.88750000e+02      2.05485868e+01      
9.91250000e+02      2.05004613e+01      
9.93750000e+02      2.05097178e+01      
9.96250000e+02      2.03990310e+01      
9.98750000e+02      2.02745469e+01      
1.00125000e+03      2.02216452e+01      
1.00375000e+03      1.97195145e+01      
1.00625000e+03      1.92915057e+01      
1.00875000e+03      1.98485895e+01      
1.01125000e+03      1.97507135e+01      
1.01375000e+03      1.95745487e+01      
1.01625000e+03      1.93914568e+01      
1.01875000e+03      1.91991563e+01      
1.02125000e+03      1.91457633e+01      
1.02375000e+03      1.92689272e+01      
1.02625000e+03      1.91796381e+01      
1.02875000e+03      1.90226624e+01      
1.03125000e+03      1.89299919e+01      
1.03375000e+03      1.85983794e+01      
1.03515868e+03      1.84779251e+01      
1.03547603e+03      1.87115280e+01      
1.03579339e+03      1.87470081e+01      
1.03611075e+03      1.87623739e+01      
1.03736075e+03      1.84315211e+01      
1.03954339e+03      1.85063205e+01      
1.04172603e+03      1.84670862e+01      
1.04390868e+03      1.83977422e+01      
1.04625000e+03      1.80752099e+01      
1.04875000e+03      1.82654316e+01      
1.05125000e+03      1.81462858e+01      
1.05375000e+03      1.80392050e+01      
1.05625000e+03      1.80585451e+01      
1.05875000e+03      1.76908315e+01      
1.06125000e+03      1.76569250e+01      
1.06375000e+03      1.76816324e+01      
1.06556484e+03      1.77038688e+01      
1.06669451e+03      1.73291540e+01      
1.06782418e+03      1.75807164e+01      
1.06895385e+03      1.66677553e+01      
1.07020385e+03      1.72762286e+01      
1.07157418e+03      1.74096419e+01      
1.07294451e+03      1.70662054e+01      
1.07431484e+03      1.72312769e+01      
1.07625000e+03      1.72431706e+01      
1.07875000e+03      1.70968452e+01      
1.08125000e+03      1.68820038e+01      
1.08375000e+03      1.67734173e+01      
1.08687500e+03      1.66943623e+01      
1.09062500e+03      1.67343011e+01      
1.09437500e+03      1.59710043e+01      
1.09812500e+03      1.61978661e+01      
1.10374294e+03      1.61757668e+01      
1.11122881e+03      1.60235840e+01      
1.11871468e+03      1.57629107e+01      
1.12620055e+03      1.54125287e+01      
1.13903128e+03      1.50393602e+01      
1.15720685e+03      1.46194769e+01      
1.17538242e+03      1.41261799e+01      
1.19355799e+03      1.36270423e+01      
1.21571375e+03      1.31699367e+01      
1.24184971e+03      1.26145906e+01      
1.26798566e+03      1.21201617e+01      
1.29412161e+03      1.15206909e+01      
1.32261778e+03      1.10382573e+01      
1.35347418e+03      1.05297375e+01      
1.38433059e+03      1.00399449e+01      
1.41518699e+03      9.51189209e+00      
1.44740644e+03      9.06504293e+00      
1.48098895e+03      8.57853199e+00      
1.51457146e+03      8.09120474e+00      
1.54815397e+03      7.67849057e+00      
1.58029753e+03      7.20579210e+00      
1.61100215e+03      6.86767578e+00      
1.64170676e+03      6.48113334e+00      
1.67241138e+03      6.09752253e+00      
1.70956790e+03      5.74302030e+00      
1.75317633e+03      5.25112263e+00      
1.79678476e+03      4.84686123e+00      
1.84039319e+03      4.49038885e+00      
1.88194796e+03      4.11209218e+00      
1.92144910e+03      3.86787130e+00      
1.96095023e+03      3.55940745e+00      
2.00045136e+03      3.33419742e+00      
2.04300708e+03      3.08768489e+00      
2.08861738e+03      2.86398637e+00      
2.13422769e+03      2.65734275e+00      
2.17983800e+03      2.43054586e+00      
2.23748645e+03      2.21074256e+00      
2.30717304e+03      1.96638873e+00      
2.37685964e+03      1.74120004e+00      
2.44654623e+03      1.57503516e+00      
2.50366265e+03      1.45493250e+00      
2.54820889e+03      1.36422312e+00      
2.59275514e+03      1.28497388e+00      
2.63730139e+03      1.20776471e+00      
2.69209120e+03      1.12490452e+00      
2.75712457e+03      1.03900776e+00      
2.82215795e+03      9.57592489e-01      
2.88719133e+03      8.85224747e-01      
2.94894192e+03      8.21534486e-01      
3.00740972e+03      7.66050570e-01      
3.06587753e+03      7.15642187e-01      
3.12434533e+03      6.72715855e-01      
3.16430572e+03      6.42739985e-01      
3.18575868e+03      6.24273094e-01      
3.20721164e+03      6.09717367e-01      
3.22866461e+03      5.95845997e-01      
3.24919847e+03      5.81764364e-01      
3.26881322e+03      5.69624731e-01      
3.28842798e+03      5.57883307e-01      
3.30804273e+03      5.45410071e-01      
3.32814434e+03      5.34347579e-01      
3.34873280e+03      5.22408046e-01      
3.36932126e+03      5.10957539e-01      
3.38990971e+03      5.00363420e-01      
3.41102225e+03      4.88777215e-01      
3.43265885e+03      4.77959424e-01      
3.45429546e+03      4.67660184e-01      
3.47593206e+03      4.56876112e-01      
3.49797380e+03      4.46521436e-01      
3.52042067e+03      4.36692148e-01      
3.54286754e+03      4.26806998e-01      
3.56531441e+03      4.16668149e-01      
3.58902943e+03      4.07019570e-01      
3.61401260e+03      3.97144871e-01      
3.63899577e+03      3.87443309e-01      
3.66397893e+03      3.77964111e-01      
3.68950149e+03      3.68258973e-01      
3.71556345e+03      3.59074979e-01      
3.74162540e+03      3.50115314e-01      
3.76768735e+03      3.40397990e-01      
3.80933142e+03      3.26739755e-01      
3.86655760e+03      3.10784915e-01      
3.92378378e+03      2.94580007e-01      
3.98100996e+03      2.80011360e-01      
4.02990538e+03      2.67672711e-01      
4.07047004e+03      2.57454647e-01      
4.11103469e+03      2.48416248e-01      
4.15159935e+03      2.38171076e-01      
4.21857828e+03      2.24657158e-01      
4.31197149e+03      2.08451307e-01      
4.40536469e+03      1.92643131e-01      
4.49875790e+03      1.78432920e-01      
4.58702880e+03      1.66053220e-01      
4.67017740e+03      1.55187770e-01      
4.75332600e+03      1.45380448e-01      
4.83647460e+03      1.36503844e-01      
4.90931845e+03      1.29171566e-01      
4.97185755e+03      1.22904684e-01      
5.03439665e+03      1.17364187e-01      
5.09693575e+03      1.11986388e-01      
5.16285533e+03      1.06721181e-01      
5.23215538e+03      1.01611001e-01      
5.30145544e+03      9.67151225e-02      
5.37075549e+03      9.20572756e-02      
5.44401556e+03      8.75295649e-02      
5.52123564e+03      8.30173816e-02      
5.59845573e+03      7.88141449e-02      
5.67567581e+03      7.48171536e-02      
5.75757587e+03      7.08829128e-02      
5.84415591e+03      6.70519331e-02      
5.93073595e+03      6.34326950e-02      
6.01731598e+03      5.99951361e-02      
6.10948187e+03      5.66435387e-02      
6.20723361e+03      5.33817518e-02      
6.30498534e+03      5.03217410e-02      
6.40273708e+03      4.74292131e-02      
6.50723028e+03      4.46073406e-02      
6.61846495e+03      4.18550372e-02      
6.72969961e+03      3.93014705e-02      
6.84093428e+03      3.68628993e-02      
6.96040857e+03      3.45225927e-02      
7.08812249e+03      3.22503667e-02      
7.21583641e+03      3.01240386e-02      
7.34355032e+03      2.81965899e-02      
7.46187353e+03      2.65300032e-02      
7.57080603e+03      2.50704585e-02      
7.67973852e+03      2.37397339e-02      
7.78867102e+03      2.24730931e-02      
7.90441173e+03      2.12345655e-02      
8.02696067e+03      2.00318515e-02      
8.14950961e+03      1.89019582e-02      
8.27205855e+03      1.77940919e-02      
8.41982520e+03      1.66295141e-02      
8.59280956e+03      1.54275210e-02      
8.76579392e+03      1.42796428e-02      
8.93877828e+03      1.33067502e-02      
9.07082057e+03      1.25716705e-02      
9.16192079e+03      1.20424531e-02      
9.25302100e+03      1.15892073e-02      
9.34412122e+03      1.11268613e-02      
9.46596241e+03      1.05853319e-02      
9.61854458e+03      9.98237793e-03      
9.77112675e+03      9.39427340e-03      
9.92370892e+03      8.84541243e-03      
1.00797873e+04      8.32368033e-03      
1.02393618e+04      7.83539937e-03      
1.03989363e+04      7.38051136e-03      
1.05585108e+04      6.94628639e-03      
1.07370822e+04      6.50826754e-03      
1.09346507e+04      6.07508771e-03      
1.11322191e+04      5.66805374e-03      
1.13297875e+04      5.27584921e-03      
1.15625002e+04      4.87601553e-03      
1.18303573e+04      4.47418572e-03      
1.20982144e+04      4.10016695e-03      
1.23660715e+04      3.75373286e-03      
1.26736112e+04      3.41180478e-03      
1.30208335e+04      3.07934660e-03      
1.33680558e+04      2.77913381e-03      
1.37152781e+04      2.52000666e-03      
1.40268412e+04      2.30862055e-03      
1.43027449e+04      2.13332791e-03      
1.45786486e+04      1.97988585e-03      
1.48545523e+04      1.83817996e-03      
1.51443729e+04      1.70447865e-03      
1.54481106e+04      1.57865943e-03      
1.57518482e+04      1.46201231e-03      
1.60555859e+04      1.34739970e-03      
1.64751008e+04      1.21842842e-03      
1.70103929e+04      1.08208998e-03      
1.75456851e+04      9.58228233e-04      
1.80809772e+04      8.53203877e-04      
1.85802979e+04      7.66398244e-04      
1.90436473e+04      6.94162619e-04      
1.95069966e+04      6.31747633e-04      
1.99703460e+04      5.73404109e-04      
2.05176771e+04      5.15691418e-04      
2.11489899e+04      4.59571029e-04      
2.17803028e+04      4.09283126e-04      
2.24116156e+04      3.63533656e-04      
2.31758368e+04      3.18693997e-04      
2.40729663e+04      2.75887252e-04      
2.49700959e+04      2.38736556e-04      
2.58672254e+04      2.07283833e-04      
2.68141952e+04      1.79868063e-04      
2.78110051e+04      1.55933264e-04      
2.88078151e+04      1.35684288e-04      
2.98046250e+04      1.17890754e-04      
3.09794371e+04      1.01220709e-04      
3.23322513e+04      8.59553476e-05      
3.36850655e+04      7.30595513e-05      
3.50378797e+04      6.15867403e-05      
3.69318190e+04      5.00708160e-05      
3.93668833e+04      3.94536620e-05      
4.18019476e+04      3.10736714e-05      
4.42370119e+04      2.43363358e-05      
4.75852261e+04      1.82677999e-05      
5.18465900e+04      1.32458625e-05      
5.61079540e+04      9.66755689e-06      
6.03693180e+04      6.94273635e-06      
6.71875000e+04      4.57643524e-06      
7.65625000e+04      2.82652026e-06      
8.59375000e+04      1.77930770e-06      
9.53125000e+04      1.23070124e-06      
1.00000000e+05      5.43084266e-07      
